3000 951959423
195516 659261
282375 567209
42938 265480
232127 460012
335570 806271
662704 994925
662534 766303
443665 550969
297392 699815
586043 698028
155878 363425
275523 719369
315395 985595
167710 280960
40903 975469
171274 711202
425406 837642
302451 772828
290905 834098
402953 913467
3605 208267
11769 296543
50088 401492
173264 680562
326872 351857
29588 318753
533976 983627
528060 896145
247138 673183
37742 491214
463764 725702
242685 298057
167285 328293
713923 858310
265628 491170
128197 799499
315799 813555
276492 330972
456280 740969
791298 946319
147796 363667
223843 593524
408283 981574
7041 154025
463677 526629
271561 952837
395590 516912
400002 998238
473711 695360
115306 315180
440629 661323
240483 919122
547881 978018
252781 481453
704689 786176
548337 757933
74501 424793
294588 813742
121897 460465
798657 881153
81390 318652
90210 970775
725521 832853
593029 720411
265998 671712
62102 806020
139943 827154
384655 847808
566718 837404
67545 737286
56348 68433
113822 896515
41998 233683
46276 736617
134705 857224
591308 990332
979891 987480
155175 767635
230250 315968
835902 875971
86457 851488
685132 702398
133476 658618
7373 900007
329577 684797
237074 644257
410902 793960
416355 624522
319952 665879
250355 547395
26615 799633
57381 857928
302780 703049
569289 944978
152712 999168
441202 948062
302513 326375
290960 659542
147444 740408
490476 756762
176042 319038
195709 900687
397777 989124
276865 779947
302382 393902
614252 914624
769585 804544
641244 967379
344980 835010
101263 613820
13576 867691
175283 266740
64366 428940
338781 598990
778968 900042
517787 518963
4178 557900
657765 738328
384668 904176
16936 314215
287053 751226
410841 562938
339598 950193
27508 656402
337327 535938
591404 648734
422755 934458
39417 64950
68456 473447
247745 625590
92649 258019
380761 918620
174199 256745
748123 864112
224533 498822
747621 825423
234453 749267
508499 582341
88104 672802
760644 799311
384567 949225
647528 712568
466039 947338
662224 843253
480238 488168
160672 776441
639172 868519
77242 448584
429824 763379
650925 826000
725099 884318
847425 870491
148697 499779
32773 275082
221969 330658
359221 838739
607383 609520
853968 900248
131435 930857
444404 998783
194690 643785
95820 733907
355999 442635
73335 818153
55334 550154
280996 480064
229081 792940
269493 858395
505280 652997
58655 431436
513421 863249
330151 564088
59928 715676
280923 388301
184881 392008
177996 472218
205014 788568
37996 381589
741804 894122
760782 996039
599233 782130
331557 371047
577716 618745
746974 979729
494954 670046
494237 798414
610087 907534
344128 494159
472916 853962
108433 882274
415304 844829
226038 232992
24009 703353
666301 686638
10349 690270
39332 987276
11443 455206
723022 751521
100416 216516
5378 279318
574566 775154
581397 810783
245941 391286
36627 876707
38108 843126
149174 264301
221428 565498
488800 764464
769223 928726
74767 358228
361050 466854
64579 574785
65085 140818
120039 623219
244235 704183
868882 986298
459815 766621
867519 973398
261308 525000
37948 242960
798468 809409
458519 873164
94341 230790
67570 927526
292834 401991
137115 589051
5226 717982
514498 719165
668329 693289
14423 475303
125715 804270
295444 996723
108960 515060
12822 617022
272223 290796
47404 889469
468227 876038
706866 841011
59917 697427
423537 850314
624608 786532
215093 690764
41283 80360
650062 984892
139721 760697
198522 265517
275968 810175
64319 877005
157970 272815
3278 334249
328034 769863
465660 994348
550280 710941
252316 337746
475203 592110
288675 530700
339025 736807
2059 777114
277622 333834
503958 704001
109240 229889
551508 598212
358043 827785
885043 921399
78408 236109
293990 656884
425271 853822
323644 862765
149508 293826
754734 799119
303548 765061
18989 141513
207309 961218
298070 406243
259761 765509
670683 918944
2952 381368
138817 394256
564766 693396
641047 943079
377137 707978
204954 978596
430356 564510
207998 251742
100058 107533
503061 606373
22078 147764
212882 502454
239342 790483
505255 859116
540464 907855
108600 275650
474120 972767
552917 590184
66003 959901
90739 295529
7743 177681
64204 765826
361825 431928
88728 507787
398504 742217
108594 254333
525492 813525
681383 696393
162351 694983
156659 640718
229341 550887
473800 571280
32726 950217
362270 824221
444233 843973
473379 566431
256998 396877
506119 629621
68697 634549
183758 767973
289239 311299
140047 611647
280595 583331
405182 510087
142071 786115
548983 568732
150841 504215
152129 310687
472082 477132
225855 370006
217326 773391
644099 744985
335727 457117
190950 783390
610862 992555
218618 926220
850389 932036
733971 931837
351211 490878
662411 838882
198418 725445
697610 838019
620902 860247
100806 389257
605867 823709
461576 664506
524889 953145
131310 330615
129760 343793
72888 419526
254952 646811
267186 444360
243138 684937
134605 362517
573759 778923
98922 765953
539032 750139
543602 835688
379735 394370
481410 575533
587231 983320
248457 978227
83709 502571
181072 665686
1964 647953
486082 960284
59657 389714
80442 238062
96351 485829
442875 642046
406378 925425
230214 899369
427603 765239
149787 415959
94171 844914
326052 908049
752322 926469
504149 607237
189140 223806
673824 906606
283042 546729
123284 662655
348367 512573
399146 666898
55816 842419
426324 526351
457138 853037
141407 986467
346666 446659
97807 674530
674020 804979
152361 484336
548198 613508
321727 582619
301144 623631
567282 803041
173462 520006
130518 981267
215158 251339
582793 615287
442536 679973
44115 816882
745780 801074
661345 695224
271270 424326
493912 587506
459105 764982
651274 987156
924449 990970
137968 300802
534000 662880
308182 881379
449419 558480
330103 809017
66086 162338
184709 717165
348097 857361
281264 781331
363551 530944
349962 426891
422937 776384
504718 621785
650346 912404
128287 689386
231569 431208
357404 516637
754888 995625
132432 330170
564667 718569
211336 608304
486619 507767
269793 402409
549303 994004
30407 347049
312728 743734
177600 518001
685736 927941
681553 835565
466935 605280
64134 73243
451711 761887
320168 924818
137906 157655
429320 583342
396694 699294
313617 677572
152672 611356
93030 933344
251159 336066
174420 460101
87300 877789
350409 785823
144147 792089
792851 796280
512555 601459
480169 484944
90284 177063
781364 974326
283098 982343
57550 516368
388901 758706
19660 919767
405167 601531
163825 411942
61773 396797
813301 986907
32530 792952
416527 497154
402596 815454
609188 704693
401270 583129
234997 963763
722935 988980
583241 923134
443006 770156
325684 743248
36557 79902
449984 870700
94991 523313
360459 718848
122955 754278
341661 798980
364664 533522
238887 424192
360259 746794
225097 938426
60787 284283
334339 677935
17934 592229
275660 923619
709015 948864
225196 960612
417642 486235
295477 997267
238332 720044
931242 970200
172466 878204
423189 761309
31151 732062
269614 720351
279428 676995
174389 219766
980551 987782
153085 739346
66860 288778
16002 814093
503064 677133
587044 944658
193962 534811
165767 173437
787700 915607
70768 889075
22776 134410
864079 982566
290380 801386
97706 551155
284045 864554
314394 431361
72725 350657
499214 946620
254312 332602
392943 617057
40699 960266
504678 754786
67310 566465
552399 612777
208139 444962
233136 323572
33041 358918
15222 326217
487305 674528
775146 847812
686577 785308
141405 713733
545618 615454
302486 789760
545116 613298
334666 550914
38248 852064
575268 741546
828247 907468
63128 205164
39750 207540
468094 626436
351874 985659
714581 917147
314242 413427
576436 729260
355071 626058
147627 611534
56275 835864
251946 332124
321915 423136
166151 381349
166150 872053
623222 654022
98916 456279
278911 762913
563226 679945
397264 664218
48243 440881
73209 862740
342382 662406
224843 817533
55600 229105
625781 906801
275474 767446
141152 794078
79794 950531
673778 824429
512538 996458
99513 983193
210307 715256
173365 416707
401222 983929
742965 875923
455972 905869
118537 543890
608302 729024
343547 582144
124584 343766
13101 728826
267633 914770
399219 848295
519668 537885
543441 576648
205535 286510
366833 888394
970136 980096
14718 651674
394651 586056
266476 872891
134484 613626
160144 927203
107717 976211
430141 495861
100086 315116
275395 550833
342550 479369
18267 842408
252086 602154
478506 556140
331449 721208
93449 274122
186723 552072
95093 928829
590092 643205
192642 655206
88140 294954
369261 372726
392055 919611
650253 703270
520584 746432
546219 914133
207649 441832
186340 804349
192321 682627
366671 779268
448838 890265
514346 681779
721529 911395
160600 826079
62165 321827
171332 329146
139688 728006
59547 370758
739463 799298
159628 234524
508954 664228
154043 655984
185350 259460
45598 780885
106753 447758
550182 942486
119648 910801
640428 791551
394808 583808
171441 296876
627013 953846
668576 734524
127803 611809
43670 534890
339125 602798
188185 753986
244396 947096
836636 895139
151634 991389
609917 983903
24616 179463
766923 996501
107557 956478
853755 966133
19623 878700
236433 706150
224758 808469
53537 99146
425251 872472
86400 428039
455604 639770
18656 733801
140747 429697
91085 737997
36411 829348
5514 596894
238741 261916
19646 676185
86411 849251
164591 506465
382092 479053
278188 413339
764587 974133
234946 873369
337026 520158
778861 979209
716019 729913
443152 884725
660721 710258
128610 551624
232958 267635
673424 900485
581642 890571
349387 678285
305004 451407
522674 983585
34184 658691
239012 859876
349719 937051
417396 793845
187384 381825
189661 801054
84675 914548
5570 601861
211796 370648
122388 841614
50885 593425
33220 347533
620725 650765
372105 916981
465206 846683
238221 650892
153358 455192
104392 640009
895054 930904
856771 921565
96828 707853
715449 746969
63967 71963
27161 499960
332995 507591
556708 852190
323317 959516
615442 851570
223638 644484
93487 980055
206120 962817
139172 571014
544037 746048
4355 277366
458138 954428
68571 278453
429353 786232
660098 768969
717085 768190
28269 670564
454164 942734
112713 162512
610475 999749
13874 880910
487776 659954
117062 126265
191595 739285
192702 227712
70519 290493
349787 532347
344265 436301
414529 946118
409691 470764
56791 66647
131161 335394
591592 883976
725495 858340
441615 588933
289467 485652
311873 495654
456157 474737
656992 747326
268824 481541
398291 728223
654808 768870
183748 587400
31155 352026
57919 113452
374695 458538
591175 806612
22521 692459
41145 344001
933176 946866
80523 586601
763471 815986
186603 665276
4957 472365
857270 896872
187309 277654
171109 657422
205440 419694
475816 974149
421525 830626
741264 850704
335317 816512
491049 676979
337426 828686
430307 566991
534141 918008
730556 869750
223753 723390
332968 857993
454464 611836
241170 615460
498778 683904
521589 897252
279589 415827
311738 823030
202687 684841
310167 996527
677130 909602
460791 736222
479791 805019
408120 588353
76356 608829
204946 351556
122147 983974
410052 521183
100662 439735
83081 325788
781357 830081
471508 488690
737518 807319
237306 963424
80768 101578
400822 640688
177660 666318
720019 814098
207310 781830
364614 814373
57638 197435
832766 929850
123036 925677
588896 934342
245188 876670
141784 346373
482090 784431
270100 349576
228245 564040
150050 570716
667406 953476
215954 974899
564112 758803
33783 449451
176593 498717
739745 796245
93540 132840
117747 775403
169032 360244
437879 826189
297709 321075
936784 991755
423390 725934
510134 729011
343493 421130
232233 913949
689574 831827
70063 502508
203477 833938
140113 448648
258871 523204
420356 933119
7464 44089
311135 687600
98499 990297
286146 953967
23342 156675
59345 281200
738610 824306
136178 161769
861340 968160
433589 518668
216042 773625
345627 644839
894710 903816
13912 682227
295709 720537
72232 988047
161387 457826
359511 435697
364790 588360
633187 865118
830032 903213
284527 594050
67477 747686
14378 528386
304906 324657
434830 670308
328417 775210
599742 646161
581214 979842
80172 334099
659081 815396
216369 697608
182863 475785
386852 814646
76537 990635
466307 570415
189829 661600
12298 694642
263305 314020
897944 990568
105693 434086
588962 778178
275138 667822
646617 758397
322688 533447
225758 371009
493104 494723
441409 922034
231862 685452
595047 978846
184569 407965
85445 705942
534888 970988
539778 918187
91135 206534
326909 578799
161208 258079
408061 970468
818327 831602
27718 839180
200861 408722
425438 434391
101258 322125
226856 364770
27511 289908
246289 885349
648582 707633
191309 428105
115184 252490
284543 950692
394468 781672
299726 886270
512131 668238
707528 935782
142857 548466
38686 844864
302871 606228
13006 355092
300756 811953
188479 449693
235469 845800
401869 738889
548185 874003
683153 984594
311496 890943
262259 678804
508668 702899
98159 330792
819986 820846
40916 892014
509037 714964
360674 886137
594876 922425
417714 440715
309497 767343
340509 354385
593581 970825
692923 757155
265738 996145
25832 285433
274312 791874
527625 886627
585908 596141
122411 681329
289711 916620
539203 919994
905978 927507
87507 676076
121882 281669
763125 881035
68376 115514
897920 908145
640824 711374
24423 108941
255285 636852
272314 973254
284908 581421
236875 768752
144995 332818
256814 779409
566264 869707
113767 937524
461962 799710
189717 655495
99511 284409
631019 717726
640085 770031
456835 772354
268199 954290
813718 928222
399359 698868
109595 119852
89703 611659
549192 792701
740275 937191
171058 870266
798774 875949
258884 495014
382400 403392
230368 400198
235725 237486
446452 489214
488691 653754
823579 851689
338487 567162
176605 943796
290286 907550
245869 784360
601203 618220
55329 490570
543061 610790
569057 980975
6026 56574
495018 641005
525686 580403
231878 341472
281001 367636
342561 855400
112786 173737
128966 769732
181426 320034
203643 261193
205343 317961
189931 365614
130074 424674
152768 429195
210427 627192
153149 631767
256149 289378
619841 790810
750796 955123
498040 814919
711951 848799
381759 582254
415757 820118
289000 545716
139388 332427
485067 694663
676773 866012
470660 955769
543673 849081
683229 714313
79163 476610
230455 920923
644298 857335
137981 308340
440254 520214
833305 913366
153475 411454
38485 142980
135844 621107
199774 802034
420124 482633
61818 244075
9871 243835
268315 509038
123431 134757
754141 934565
651862 817059
261643 699929
195289 473582
189409 880464
154749 657615
192613 283749
64790 399354
639756 687450
256949 420226
153487 741444
371272 415620
162847 424265
338056 527430
579868 750586
179024 420692
475165 589798
164528 227439
755997 922374
419397 857336
41824 727408
422384 530170
271176 502893
213871 335232
231944 368306
381606 793794
203168 883960
299293 748044
439950 718637
584317 643235
360191 657012
8449 40429
473395 724089
542840 873596
513095 729006
458178 555518
524161 798383
174596 473442
371212 789022
199825 979962
291649 310522
787166 931583
791200 916298
285676 469123
411722 692425
578896 818985
613442 674371
99658 258005
30390 45975
62519 962404
722226 869100
476511 932167
62742 74910
488326 812628
677154 688869
515528 678430
379778 822111
339379 727897
108137 660295
538844 866034
506626 590346
502767 990945
102131 733036
149404 217702
431488 471666
103246 577329
559854 908046
116327 348979
864074 994677
251075 903760
710286 766865
610475 611146
383714 652234
33063 339025
82373 193216
36907 571377
224446 569837
553342 915741
309086 851888
69514 88219
224434 648037
452223 904752
163885 262753
24339 581053
643150 962309
514534 991463
197265 434318
449511 465999
429575 952460
394205 896568
476223 854534
164627 677040
60998 433143
349293 740583
100935 928481
324331 596140
410998 704436
167490 468027
298550 657497
410844 875894
285684 503004
123251 214973
61634 384271
394548 780457
129615 440152
829163 910351
249640 403475
152612 643650
729413 770814
339431 483859
86363 557067
552479 683189
596625 748712
20421 400324
6431 818977
691349 913722
2273 536825
36036 819830
818476 908117
498481 784237
195277 236286
732165 985042
212321 724409
183188 270071
279642 830942
135527 244944
318756 688546
489763 871482
245841 769048
428959 848452
708724 917555
220617 869204
24746 28397
227315 246322
839366 949567
201278 543775
265782 650090
762390 812200
177838 949710
425676 730775
406188 882787
358937 752138
647953 953670
769131 906929
645249 657029
233517 554634
118132 764432
368186 551578
557805 835584
6159 126126
766117 995979
61736 341178
118052 702598
533770 622813
226630 677136
240390 888295
36135 591212
304036 638559
75752 212098
114301 677520
972847 997400
142230 565758
279129 594461
57954 460629
548921 948040
2112 772031
365954 780242
160210 210686
686041 978956
44206 229436
427988 756968
55819 447392
649619 734098
54877 667450
172985 529735
236718 539698
294893 483298
31416 129093
56892 345029
216030 524486
442860 555773
439650 682771
70586 223265
40952 810508
251290 958596
406527 655655
582120 763184
312686 696569
744692 776596
736349 828547
359489 832951
302790 486123
593078 725516
690628 943847
868481 966243
846848 986801
643404 766341
416298 623159
293150 923400
798194 882658
806996 975755
27595 525501
222162 874418
10596 929703
188581 314721
396473 979573
482740 493308
662409 718716
26722 774734
389849 903499
188693 227654
667051 989520
146210 669399
219866 268515
477266 604258
181233 324055
174675 185975
277487 496329
125720 848986
23880 156027
112843 114288
342346 790681
523900 588128
405299 512488
26081 404944
31967 62429
496400 569649
314953 576656
71721 426639
100791 477653
631377 857526
159047 865078
262632 663592
531419 938345
739057 764248
675727 735662
10533 419157
46227 464892
1103 61973
41831 994339
264710 800008
255217 512232
838774 997401
158162 766097
52001 402349
448205 944492
291889 512943
746665 975689
229506 395155
245529 921744
499680 608114
271621 363569
291626 886172
275091 402859
29934 365025
36494 577195
522757 680498
111680 785542
85730 567067
828563 867597
141291 892272
184523 356713
188879 219490
222386 349030
183766 341541
43923 605232
274626 699348
776002 929420
68022 145569
890652 921866
385467 532555
62573 575426
17975 470659
140923 698101
447797 459072
63833 363805
59238 867103
127723 886731
223439 506752
109415 109697
44545 630927
136604 292605
387259 913031
880041 928790
736310 751189
384722 498835
145400 325020
40959 779637
162553 545547
119625 359315
739044 802000
230190 524762
272297 683244
25471 442321
244831 328792
856258 915904
300162 630693
185850 483164
543837 864919
393063 864481
620079 844080
126701 545518
81858 934403
381245 884898
333873 731235
611639 905663
382017 462337
193046 301071
914597 940103
42324 933359
2566 205415
848398 859317
174969 258533
499012 585085
162847 953581
432310 910272
308572 400388
554962 971065
417740 777384
423179 505206
516570 643780
150900 542027
446602 939122
292544 595961
181081 237002
582959 939654
20053 688836
101860 535955
115657 982354
567239 800124
110429 871800
325078 386796
351948 491321
396719 857088
207145 372031
104324 951274
305547 326351
380086 790033
401695 873897
909397 921547
443126 458888
506040 686486
629360 933180
301905 618201
533331 573521
635880 877621
32467 347237
163126 220184
231654 408820
279470 773214
423890 957825
352769 911429
340737 687045
265141 874945
155350 505867
249730 356571
72299 643392
12988 178425
164786 749481
162057 248058
105594 760950
394773 694081
235365 512269
626213 840982
123618 350397
129162 363753
137690 300459
79887 109441
139034 653063
185491 357984
229352 566616
200861 712245
248142 965130
52682 143518
458112 458964
74326 803831
24296 565860
162651 187172
305769 337415
243912 567336
44006 603182
82955 284592
565686 786969
485166 551518
818072 972759
74127 288721
417032 827090
633614 794573
594568 632878
209857 487796
99068 347773
173233 177810
118120 245256
578939 767852
660235 927736
557488 921894
105524 887176
356326 576991
661024 725433
459575 718390
466866 731877
374015 936867
164524 463972
688547 987965
79874 441360
179932 345535
31793 351134
112345 816599
272881 475554
86772 513566
752201 755619
190907 370715
95656 538108
199974 473244
298984 806186
112034 407644
243807 626925
1325 103247
250771 626161
780304 930389
963 4610
2117 730629
500330 501361
293614 894097
386702 481225
51126 419745
709052 960307
832899 927110
176470 855467
217944 398607
468962 985163
42835 939713
377085 819190
853316 990089
261485 963500
380524 561379
640443 923686
303256 573419
941270 943085
557740 630997
327826 888324
662041 710639
559481 965001
50556 356424
282035 303276
269057 339936
323487 976909
88260 280088
82281 203529
236478 613001
350683 538532
136280 277220
214494 721053
253040 915179
523160 892427
25446 592159
837054 851247
56918 197920
80996 811779
127329 383920
118336 883680
253528 872331
100335 870497
15963 879617
70955 432705
876055 917653
157654 801749
104628 501619
684500 875443
91877 237257
261095 523139
27158 147637
61861 777871
72946 666894
1501 186210
458926 641447
632901 766628
173467 733986
23343 277928
191072 894954
355218 996797
229890 945000
384556 515854
814466 815324
500595 614691
484895 997936
6833 275421
654472 919701
784063 993770
34795 499774
119981 557263
280119 954207
552711 678785
262364 666834
30492 818563
470234 472728
96608 236621
839417 884432
171344 463486
549401 663951
426870 778494
248811 355111
650428 982882
257631 683294
357108 800201
292121 743122
409572 868234
71121 740830
68394 630794
516137 866880
736709 868981
641780 779415
83572 599734
60871 509853
696139 818791
713689 775924
294539 706091
623407 960093
841972 862302
632704 887616
167199 903197
39310 673326
196652 820790
79982 316473
66715 801940
202525 376905
97185 781996
678885 836124
375873 749399
677255 772664
897623 904190
92281 861278
552018 778238
884184 997870
191411 686756
304704 966883
182208 738200
63258 249068
486746 918662
46544 446962
450528 532938
712198 779380
64440 834690
360422 542813
73190 979723
173375 341941
570143 928482
16504 642139
559675 847886
269174 460142
66209 617803
16569 985135
434958 858869
93902 622847
272072 531280
923936 999300
501935 537192
52942 828324
28564 638602
12722 602686
577926 978910
163991 356728
363365 903215
590544 644944
524170 612525
455963 511940
617555 757611
239651 772830
663661 704043
121162 621028
162003 442927
617445 940533
454114 496564
740083 913918
79787 366948
54099 586777
773929 780383
521982 853977
487342 554167
66 837104
259460 720174
801635 905470
365954 672818
72669 346120
873621 956315
380126 392563
134443 977194
191598 769242
63481 420897
405630 897285
73801 973924
49557 274626
869903 883070
188546 247963
35290 314024
292835 770764
110108 659251
692054 730453
527895 608331
859597 904914
495873 650378
86542 560494
144734 848918
11729 433543
396910 747111
579123 983479
350146 652758
89586 482299
200996 586753
89619 428723
153134 831895
273828 858675
76762 481011
760214 913544
506526 918053
350168 437876
419801 676224
475008 782665
403426 450742
149540 350324
343976 749474
400017 622866
716746 890911
847860 900580
693540 815607
150070 684163
240455 997871
417995 586646
106015 127902
123591 252681
114302 901161
634401 915040
232527 769364
163620 433950
697587 866514
404859 943359
266668 425343
234437 985137
136848 406633
27671 46009
741743 856090
295517 654145
63395 860002
70668 825207
85703 109004
85422 345557
155612 891492
115979 492880
602314 878745
807459 981553
428750 787733
113370 240735
237949 329975
642133 908497
412128 958788
448325 771597
312218 537268
634646 997466
238967 777698
291212 442296
575825 701906
103767 342205
331623 810925
429662 476483
219014 280146
633352 774028
421949 545175
502582 845405
774877 914473
236607 296706
690770 694156
78690 940054
441919 674310
39309 400339
647703 892819
541757 590384
162738 797171
131088 585081
6877 659223
78189 244498
417430 659078
249322 267355
255815 890224
138749 138940
320528 323459
201220 525371
120740 827552
606572 829259
172727 846717
569092 734554
830307 972415
206206 921420
386269 780235
112213 654047
641848 772074
210998 523601
167124 924476
386880 549828
545907 927246
419444 510443
711616 796207
7754 424529
449669 963825
410853 715915
451589 691750
617895 924765
422676 485921
537973 564023
346399 619118
48179 406864
108900 389491
37198 681349
114757 186270
382956 635488
300891 832836
358934 728067
32336 864810
429797 433676
84431 238223
471240 982272
735640 840558
388516 702326
357038 642503
733880 899258
435065 677902
606016 943657
10620 556666
706840 880656
430576 807370
98116 655494
488197 771265
132915 387723
406212 406718
306764 654540
610306 752731
390198 466549
2477 804006
656499 728302
406688 910888
640249 788555
134699 579202
49657 823326
639751 727460
378382 905007
47861 174556
65258 927753
70119 691169
126985 937890
322459 707297
216753 496762
39022 462630
488143 850482
425216 432013
292921 753084
75867 981670
190840 796180
560568 816336
327317 355073
224676 709104
444315 839982
630775 777409
370465 735448
566177 642717
97634 558417
67530 619922
469505 592419
300089 794847
87406 803557
35536 146437
157921 540142
212155 792043
362937 489832
549552 556859
59794 136508
409170 760973
209272 868472
156205 840348
49666 306086
113900 183555
184852 509237
878393 916575
879261 951705
263439 562763
329878 544534
687201 984743
250337 739662
573853 615803
552728 675876
253519 751520
421623 833990
35587 985525
265555 857895
57874 381927
581676 742650
616521 825550
421334 901607
293594 713837
62498 165616
834308 893002
10010 546792
169830 628943
259996 868987
431901 970390
317306 405663
169063 930669
624347 663169
71638 104727
204650 651065
591064 672378
306971 981685
30445 694599
136302 764738
405417 670646
491752 592859
106982 865777
353272 881921
44163 162030
710437 723298
6390 170637
470662 800196
531536 863532
170967 599872
177884 828878
61738 501582
749632 892437
298663 615316
140579 618391
457093 572467
204435 220275
554511 937749
183198 415206
119882 546621
402988 571148
637988 792787
226146 876278
458592 873083
9776 928743
13860 816364
60058 769627
650144 991003
921889 952682
37287 996657
198109 969929
677638 987056
332445 889580
168864 930114
268960 313996
535696 743550
148192 895810
123611 541186
114711 845608
570543 638337
363335 671620
96365 965109
124823 712256
69330 458018
416996 886088
146705 401390
155406 189454
369262 428142
84070 545049
208005 306280
20361 256524
111401 549935
99230 821600
588126 660359
188776 890682
564052 937393
111212 265529
527301 779456
686124 973912
217839 255197
43653 737707
316104 894394
197315 335557
24693 312312
286549 794333
474614 595152
742085 928256
209992 237164
314727 734254
423364 490015
191724 747588
271577 806773
364334 943561
414569 749143
314343 520299
202905 266100
728947 783429
43397 279987
733098 966937
68814 144065
664813 861945
453304 462703
19222 161043
429508 473522
52862 747341
566020 938830
118312 308530
301179 735224
390443 530199
765523 843505
286953 713539
11849 602618
489125 622350
122685 889510
10493 828781
22112 585547
347138 366231
184098 366826
63067 427670
25648 911973
243255 709128
194753 336878
108048 233195
246119 662817
10735 520080
566351 708344
110855 414291
532314 874231
252723 507541
322162 787302
528311 751144
150644 561325
378953 589263
373065 903515
175322 628367
215361 367407
755717 783277
287068 806881
420006 810757
447395 470147
393049 957359
490445 792453
854065 963930
247836 425245
319193 398075
107510 879185
132963 734830
24204 62903
363435 787398
138385 418649
71994 327069
779071 839892
472372 694645
282523 707192
291183 410237
467962 635970
495362 944754
591201 659490
27901 105815
62511 435089
555986 679156
234554 620888
539982 600614
232862 899978
207861 862944
50485 557652
385008 488262
244248 930387
663067 815270
162698 422902
350090 702426
563300 995661
795407 836238
190044 849268
48584 662583
28949 553290
58716 598418
629296 983843
350296 516121
98566 994041
487556 637628
511251 981233
288922 313376
226975 767894
431314 547355
5256 34347
488104 840071
345885 934506
426142 538981
735850 811420
602002 917092
25804 631568
503824 799088
674715 737645
708887 762947
33002 419001
386920 712934
102616 292244
138236 730901
290276 763131
566610 643290
137183 580081
102834 207106
21003 123376
229018 401163
359246 760826
113293 485325
312124 552147
441380 751866
359513 414284
470277 931282
202593 924045
242150 799679
622144 707363
334605 589721
345839 804173
608013 635048
470708 921572
26112 207407
376172 591146
59010 315580
40411 458830
444464 918354
594500 945661
312823 653657
349399 820031
34251 246619
436680 753687
572850 600003
77647 297002
344005 938371
516400 708435
4882 752326
464953 929659
884594 952237
136786 654374
349014 664429
24406 372360
45812 81407
219757 728320
576473 795070
295048 676308
186133 281101
800299 964885
157543 862074
790608 977128
706673 712155
557070 866588
513157 729797
184739 276493
650251 817098
135548 978681
238311 958600
294965 479645
95192 553653
188612 957789
477934 596491
448869 881440
444504 799701
546327 559300
62419 715416
871528 953735
267109 577915
147039 939972
232256 933123
170231 531499
251198 435032
242378 365660
509667 857887
475678 743218
612292 675111
248804 587482
241942 667539
192009 930489
378463 772829
93966 983216
792976 939407
52104 248538
196307 528956
348644 993107
259584 993913
302355 926607
425612 937195
153273 308469
450064 557767
785685 829787
444180 965344
253367 795399
296460 810468
742970 797044
546688 642319
153643 759037
321708 421736
689012 809164
305958 365849
189727 745038
86164 368644
209309 959373
722799 770481
204918 359602
806250 856623
796600 842076
164242 308946
240834 933958
623973 878418
421597 424249
264299 504903
634830 985538
416596 534945
358642 895863
13294 309454
216588 597739
189943 700041
105768 376058
138585 353604
283663 473588
223406 927745
119716 167306
185006 349778
305244 632718
192403 975510
257223 583776
361047 909965
369686 376141
545123 679882
206669 643171
307726 679984
530237 826328
91179 576554
82543 317287
607220 808398
155800 297041
225845 436263
521265 931604
818817 924456
719606 990764
232126 921594
259044 701523
146817 881541
73138 176379
602719 640036
424975 459328
372697 491019
254643 805635
36290 785962
51290 189740
103138 420841
444259 645753
302104 374952
920934 980245
36997 245579
136767 856098
91666 794029
125302 505643
194917 764263
90602 203149
87082 962481
147541 961831
194163 778734
163486 863178
177964 722160
7343 277431
959544 993385
33039 487839
9505 522959
822512 939286
159810 684383
410516 964444
502524 763413
118184 119463
43894 150685
123376 387735
211237 525745
506619 764216
481442 503031
543202 750808
50023 688377
564975 832354
181663 224279
350060 440724
587981 685816
115967 211690
249199 421457
249693 538845
82318 214482
389335 517641
265312 340293
206446 323326
15226 719947
209729 577762
97030 877482
45107 85164
452546 464465
95653 781981
956380 967754
529091 741218
100651 405115
92972 165983
463835 679324
156538 205510
369335 757784
22526 982358
411812 510769
175644 875162
255010 960542
182907 530897
339776 495774
392093 541479
268384 338355
532365 821008
232807 703233
10492 77435
562461 709124
122131 550141
232850 902122
45489 226955
345394 483528
153664 356377
269930 935620
100418 130382
299525 922092
111570 445457
374797 841246
51529 215256
358613 552095
195953 408359
52500 318952
165602 405888
97417 680821
151166 921575
182330 544988
103791 395604
356961 382362
187745 435625
233290 516065
270074 313479
168787 994637
289815 702217
445514 803179
524331 689784
213975 498532
689998 870132
656783 720725
714069 725241
521070 697443
657384 710604
231986 252675
252749 611603
613788 945425
441824 804000
171326 723637
363030 993933
292035 408290
250210 562161
312679 999245
3110 98604
121118 698613
100536 696804
125621 806719
297080 940199
686919 941889
520731 722157
70193 492110
137490 281160
186235 315234
636777 912948
190753 283164
167017 258042
297695 997000
327071 500033
676344 724451
32216 636403
671276 877371
889460 957918
524828 865663
920298 963565
909480 945028
338865 779749
47823 190392
239692 453339
44766 975835
42868 503687
831512 887042
814160 821282
737948 898642
94909 696192
184281 477141
167668 949511
78372 781146
106259 296574
101044 781991
281916 715649
27330 814790
53469 867578
181973 410587
226815 297958
208669 779092
239610 440636
128115 304494
106425 282263
211949 312671
525780 807715
847320 910379
4609 504395
18840 439237
135020 475134
92997 184481
832271 953829
261663 382285
199 779349
14929 307219
444623 632347
859391 864080
650532 845324
51811 539293
843595 913463
229485 361801
465538 473644
643074 693623
88685 744087
283320 467774
179456 206139
362167 777888
160402 479276
415058 864744
547661 813028
179286 210291
836627 901156
381397 945308
847775 964368
799026 933628
336631 473199
813068 826134
201973 244983
25146 394122
364333 743784
322792 830985
626901 749495
17816 904702
543703 581365
204400 409983
133992 848752
485600 824741
756021 909401
386372 998952
248892 264121
295656 892233
435133 753183
296661 339482
73936 505930
296735 965470
223846 906740
625418 955279
182973 961240
65369 96577
318564 742096
578370 984519
831782 941433
123419 612912
557533 887437
65806 717208
650188 703607
164163 920010
304071 730925
449326 843024
283008 527525
774943 822866
743237 743309
211336 243900
230094 613485
164828 376436
921592 948738
427199 837879
211273 528988
326999 597717
165967 330475
201111 267693
486243 711038
144806 461333
339768 724520
194510 515044
346246 743224
187224 965657
630173 983581
515599 852275
367564 677220
628732 783989
280751 566580
669762 807227
59451 203271
48612 251444
272061 833935
26168 447676
600309 759696
436405 678243
65187 589206
191955 569881
418626 714483
18574 983169
298404 429865
163632 419950
578085 807627
438802 565278
603934 842230
466299 888390
262227 310835
361970 495081
878213 926833
224006 375393
582969 935171
437425 978028
407326 926888
81434 117910
350429 914022
340532 621723
5219 9148
170468 351492
638363 672619
74954 878359
212427 948726
209047 929005
739070 760606
548037 604365
258692 781016
254884 650880
111541 804582
204911 885069
810985 894950
337990 801342
12912 121656
210031 247834
832788 944012
184061 207301
578617 816403
35120 402615
216708 615081
307285 450343
491256 811528
750508 796699
27901 780177
448064 953123
510293 524135
81903 959579
144844 598522
298494 419581
350994 928195
261460 954281
162243 913187
80614 97768
63932 112183
644410 725017
511507 939922
230916 819147
34084 163531
78610 347702
504690 913988
818475 932393
414325 748004
91544 341724
663840 710197
236958 841840
56607 72243
63936 565716
967902 985765
13756 762201
457267 814652
110867 586866
18431 743834
261273 355557
755208 777990
112419 733345
89726 622516
354973 449080
195598 970053
34618 118562
887046 982041
661618 860186
464844 651970
194602 493183
159377 959502
793853 900673
442851 452513
235076 839447
5874 445874
102313 838138
265801 597020
600519 887878
157101 884923
425489 675517
929538 982592
784658 958731
410588 847248
359625 755499
657152 668582
358687 433191
488004 789669
347273 839732
345745 552207
504524 707289
59277 498780
605538 748833
376474 850225
430522 699353
2600 728487
113723 231965
192797 236620
143166 575344
431753 507881
759317 785429
36184 446574
36265 526133
572830 859107
602517 679076
347252 881498
14117 30207
76697 598376
190719 541544
520588 543875
836255 875317
293757 488040
438046 916088
42762 221781
319303 428682
878850 996292
25599 719696
84946 970054
223259 905074
124223 552630
609165 649001
625645 953745
170651 301334
131649 393929
157195 640315
286678 577504
391695 618370
68995 923282
80214 287738
624282 741289
499819 829748
397384 820336
236103 694405
182567 588737
285261 712221
8667 265173
141502 369753
709138 739646
810698 993565
86071 787530
234432 679345
858469 957572
391370 766415
614638 727705
73396 812952
185130 752499
679425 776052
301898 728789
200019 950123
317090 820856
775717 984511
608393 915706
581036 671579
53509 117499
76822 557129
279294 344256
665118 675951
267318 463799
195278 446745
16068 618661
115943 338897
230097 264904
503865 656777
515724 905397
489951 879818
194476 940918
250482 844251
967614 972256
203926 979726
101639 664807
486131 679565
586331 934009
221201 891394
353099 528044
363119 866356
413727 589429
2846 317701
41169 858109
22994 558597
676052 761249
663353 765760
144706 934384
520517 802097
367105 837470
863141 899818
79499 149726
140308 640319
219159 874403
203773 757830
30085 167926
148429 647908
52271 500147
39832 794475
322391 664173
303953 858492
129207 666623
213652 808951
384493 461030
251980 842941
815396 847324
158533 387592
38672 234785
92172 843720
510983 599594
766625 849142
47782 195181
478926 855834
546912 905593
176333 600353
227206 614805
718273 956781
36036 816696
170016 623192
189486 672463
729781 904371
140440 875034
214156 242339
310629 884937
42079 79014
737844 742423
471880 547123
52994 697417
348620 637822
101337 702668
111781 628506
348589 770699
291215 861713
265147 381299
475440 697485
171404 761841
149596 750632
320408 709415
484485 999661
259191 639889
7539 424176
428262 487714
201610 794912
255765 854119
413622 869684
184097 581470
1442 552369
38126 653380
436438 483600
456263 576638
175624 197648
10883 17738
279736 292845
593550 838444
47613 515091
546789 613625
561786 790326
483189 621812
794389 954110
223132 336465
339235 884161
143911 932597
125333 856652
283756 617399
191125 781747
385403 609388
102454 608749
128083 294574
135585 746583
100770 227108
183737 995522
132541 425092
513850 796271
104429 164537
37924 829294
16638 621182
715222 867196
49681 628344
724486 880339
93450 833824
527876 897229
697497 819169
168533 370919
129319 309571
729733 762794
438900 604369
127816 791134
667782 917721
138269 206345
363647 696630
226431 816296
569731 907179
87370 911042
346265 733739
218942 331422
489661 502582
307576 811435
398706 605080
163914 834081
687935 944889
152441 765438
182707 911472
45898 74146
460661 775328
222941 586370
514985 669922
415801 894835
48520 853231
927524 983845
615461 676577
625366 847535
872186 959564
82354 163815
838856 979129
703958 706857
223027 253325
143220 317941
603024 773182
754732 759937
547261 759459
190298 322945
833377 890222
51177 504554
274920 286980
593833 841298
92221 362967
310443 831938
361884 763756
56596 354735
46671 850631
31160 72274
243502 549686
37069 255022
696068 864914
50455 711384
648445 960882
9641 915338
786808 938798
147581 546020
29295 986251
12702 199979
283403 676764
231655 791053
39468 885665
593971 914630
62757 344589
201999 407982
145602 387812
86826 449882
708540 932549
316575 930311
560295 675715
397374 498776
226940 582692
788789 904453
61831 501842
97346 479618
268008 900111
650158 671480
871769 942410
447729 699124
410216 982112
392708 613046
21450 168636
61117 870995
415818 612779
312585 901148
640258 641207
598598 955792
50043 783174
312910 962741
271682 888443
439601 462531
313185 832853
292465 297784
387350 579204
682896 687010
932869 947416
42727 869530
341132 765450
506298 915104
124344 872500
196012 781134
63245 253193
415738 472953
121217 686715
67930 423357
103794 466983
838289 961489
763540 809517
395333 879269
164137 801005
221075 422199
295694 452285
759384 914058
535087 833487
389343 448808
195078 771662
186576 401601
96811 173766
735401 968539
582577 849868
105211 295478
345822 854046
458652 699294
277131 836839
219105 680968
464397 906937
758799 949008
220087 228970
117530 338505
197523 957255
514991 736210
491179 521296
113011 935528
135223 208835
365250 373926
265157 290131
128296 529866
304542 663850
333070 826549
186920 283463
483764 657895
329024 993047
22820 82672
700553 990280
528022 589544
571219 987969
625437 695470
152353 915809
279367 879103
664419 955355
97395 644193
228453 841552
32733 790291
223529 791152
138167 849407
200325 879800
635820 767599
591214 929551
593747 659698
362179 815346
644050 897207
507094 569742
243371 484517
70932 917015
160238 787608
53165 427353
106711 699126
254982 556979
199662 952220
61580 981096
335349 937370
90694 240911
281928 663057
388340 765548
387344 879789
7886 158922
364440 756841
747679 794661
742147 799718
58738 848544
335948 965008
787085 967866
621032 708778
631839 983116
484169 766230
687118 700294
19049 239282
324058 606921
812217 987677
196057 377102
179922 766643
571501 698505
129860 515768
472138 870585
637549 937435
65995 484632
159114 470082
152491 358532
783841 852820
132321 537898
520020 697734
233037 812844
266373 925789
310118 555693
455120 496568
550638 910234
6223 73660
106624 523922
191549 955631
65687 452833
166552 819795
270671 478689
260284 549401
469816 784830
65831 489942
338183 899762
164656 543038
569766 935585
76362 493538
110734 967377
39667 327049
716708 791984
125885 211445
255339 299059
98445 832115
234609 927193
87061 115419
36383 362019
776618 964128
388363 617958
701624 735124
278713 670522
448940 870617
124749 188719
99585 754264
686976 791387
260977 706544
523006 835195
89177 951696
196739 659213
404984 539926
73796 470686
185829 533947
561658 823901
168758 592789
720113 981612
532326 857466
346735 565276
170801 945733
749459 845792
3982 677360
390906 428853
601528 796641
648985 959512
453754 675748
54499 452380
116728 454642
50126 216983
55501 94609
549093 862144
760631 834713
747906 881056
711484 904204
289449 651168
139340 151936
228998 318449
206856 479722
380026 410905
582059 719410
188210 583767
551412 589873
699066 938733
485896 983428
65763 235174
415550 833594
745147 746231
220390 714375
664485 820033
168804 575385
487822 718146
81830 245658
34063 242895
313706 558755
821573 910912
855619 858381
613115 627156
184327 546537
740154 892946
321768 367577
420200 688070
913711 976435
481343 983491
652911 884773
35853 317243
83996 636331
