5000 75691880917
10936210 71886977
8895958 31760751
35381750 78661963
53760693 54516666
38548782 85151275
7269197 79027953
17521793 36197822
3187601 41608727
15793200 17793190
13490626 95631783
48593034 80278325
48706384 59729493
29309980 65644076
741333 12780863
94212187 99246604
27165581 84165659
8640018 48707543
11749274 85254979
50914943 76366187
57902997 78402938
1471591 73290663
1991687 20520100
23338441 81108098
3180192 30074429
24219707 26529603
37035961 48829496
11659740 65125495
35662634 56432469
12925787 87841425
40586672 83535669
3722692 60329595
17697693 62208448
41221132 74372126
10370458 99516140
28460274 89046994
53619310 91625027
9933684 32501915
23353903 23499209
26528891 97418529
40793316 76482661
38230127 60290428
80524166 99900793
35940362 81297185
19232944 36210240
15180971 74371587
11038222 14490792
47102404 90148934
18856249 61509236
27451859 54313156
1647355 95380522
62797784 80606912
18036085 54248409
61048625 91158065
17375093 55543801
10192064 67665393
9671101 30359539
3976153 71206123
6442097 32245133
47009415 72973703
47904837 90796570
73698236 82068943
52680795 84165209
38818586 61503046
33049078 65986470
57311726 86949600
34548432 82110352
40131153 59170082
51360954 76444870
47226443 90660779
85439445 98276012
17104370 18901684
21692029 29213838
26744764 28641161
25609649 78021324
87401355 97351040
11598219 96363681
7665539 60793621
48095427 87080942
46536240 49031538
32083026 38754919
75674925 84530864
24878554 37076794
8082024 9799327
15364242 60965101
21604614 84930356
33209886 81043134
17590221 26619103
29085882 35637502
67631447 87845234
40617198 71411220
33308305 53601126
21468997 28487216
30984936 91481883
8660341 56380265
57070483 87505175
28827703 65422503
61583463 76580833
9385530 90742310
25775426 75944297
30911154 94603408
5042597 9272930
46864963 73189176
9483463 76918639
61637272 70077026
16922761 77564569
6725198 83371595
83446615 93321269
45724431 83482421
46151198 50190665
53183121 62195193
24861669 44867974
16778610 47781819
22679232 48861579
8609930 14430450
56694086 72037594
79046610 85539802
18540466 97774071
4138287 45262375
63435639 73616947
3499640 27865882
62912880 82108898
47645796 58004542
79440979 83119891
28708396 84318293
24603692 77477501
20461834 88157702
45984413 60049960
3629330 23031981
84101384 86590087
18339020 97808708
38727764 86295745
33352178 64256179
34925136 73615312
49910686 96030467
50414761 74874070
8659164 50455694
86283270 88753799
32916285 78991656
40951765 84105013
34697053 95650051
65937641 90324431
11400599 78277215
58847708 84937917
28097558 32658778
284735 57192210
60132439 75346601
80762564 95841662
17335184 23191097
45150800 82724541
27422500 61878701
37352221 92956950
34901973 82111316
98943552 99066649
20768124 32638632
78525064 87229156
71526939 80420951
55912603 85164326
35532332 56200186
39644625 48972337
74524291 95397601
43105922 67812433
78038654 88830208
39528742 72781323
61004548 70572243
31116183 68402595
2079816 87891538
62390321 82920200
48254050 69018213
1161293 98528758
58793682 82819222
7849946 82594680
54856153 67900902
38458026 43323356
63621068 90298753
47326242 56073918
30154060 88447250
38358121 65026397
28275899 64304712
22307144 55443224
45138903 52262282
30978847 92328220
12722717 40734949
50207174 59740315
20759636 98998638
6862954 37507426
9616079 17199256
13817377 35408339
65934501 91137171
6086837 43379738
25074514 69011364
3681268 26412091
9451361 36334667
48613285 76982200
63465912 95042630
28605072 77857108
7419690 98013675
21949715 51429736
17821926 45456049
59758575 79605000
27873580 33617735
15126420 55039451
7325695 73245314
2476745 86866386
49431220 87191860
17112438 65219351
10331550 60875908
2058259 63996471
14557370 76962687
10315378 83155321
76957895 79246165
23154335 26411968
35112373 85835367
55373096 87617197
1399574 76105707
20208520 63461924
37255399 95338916
41985508 90414354
25809893 78049565
5048725 59486349
17526309 57067968
30425671 76346333
32027485 92466686
1501202 8488773
12112511 48211945
32466521 48002365
87917651 91525661
53576901 74301211
26476908 90100377
31521343 71774475
2747606 17939486
22461958 26488606
7943282 57715587
35000149 38278037
27636564 84638960
25039430 61090464
10077437 99741419
16731519 70375674
30378851 55661818
78792590 83478444
68155277 84665312
65758329 97615277
996792 74078519
40037656 73481959
25040631 27390248
6566999 76601181
86966825 96185820
4782925 84228178
22726821 60098866
52480415 87527266
10267719 13719994
57388507 98931654
3807952 15091731
29765755 39834038
5574789 66294899
911050 81134172
13437427 55734361
31475740 50809597
67925872 68937326
79082572 79898769
22642060 96985508
50239909 96152430
29344154 69559861
3641127 9479906
16845114 35225994
13249647 15482810
34385863 36258553
30812501 97030822
38523812 86716778
48895884 65983193
6166724 14537557
10011640 16882873
85466476 91178815
43315787 77310704
83744862 94161823
3498233 39841763
29120739 75569516
35586154 87131194
13496015 80079089
79594250 84368092
2311649 74324786
36589446 85071306
1276110 83431576
1214342 64466275
1949920 34382956
63402222 69207835
38347703 82432551
34495110 65752300
23703578 72946065
6385615 14127667
15426070 71636465
40061194 91154026
26221231 32152991
64156151 86583498
64168459 90070093
34801730 56492176
73410209 89975911
20741495 94512412
32684162 95820367
12783343 72638603
21414911 92180917
23294730 70271467
17317477 54255069
17962544 98478760
30993753 86177712
59093683 80002759
79411989 98961641
41817853 43345218
40494512 82778292
54301305 84893890
26932740 51749829
52690202 95360323
9061470 62466764
52985192 98066863
37507267 48298323
16606986 60571821
38172467 86105034
60857033 83208129
95092548 97672650
1591415 12431696
12745188 81368716
12892014 21556109
89585573 99029693
24886114 33499220
53178166 80535696
57674061 93396751
79471540 87526892
78540240 92800580
75426528 84391239
71882842 99332975
43935464 78999501
1054809 86956437
34121676 42169533
330560 15220575
22299483 75435956
3221687 47498375
3389025 7735109
12382717 89031631
39383332 68369980
19604567 45461950
37093897 69465097
10509057 98343928
10672620 32155185
43222572 85638994
60796226 88979974
61869859 69271997
18565226 33379291
6115631 61163536
30102895 55266344
18994410 35867182
1502553 98204371
34133391 42377212
33704905 36473959
8758372 56181617
2277702 93891243
1814384 5736685
35626100 75362063
31421342 66056645
83278786 87501057
53495515 90652847
43089455 69117270
5676553 54690691
15877095 35887717
10143484 97081687
58069185 60458603
75511423 76001403
23358485 28854885
33535913 91887495
3202072 54969299
69272622 95035139
64861324 95686619
20092882 50077957
67975271 93006635
15642448 56770279
78862210 89661503
18786618 58244391
56120696 67653139
53125413 55457385
19006994 69847916
13705392 76673096
46055635 87885964
2737498 24125203
5167767 13306577
37221029 63333710
33861921 96981013
32380882 73257138
21125128 81608430
71134989 81139969
50092272 87636309
39504581 50679487
5745153 11434841
18572431 65411742
31882651 78049141
44280113 66845516
51007515 56912391
47706333 94887500
13506645 74596388
81492857 85122859
68459370 69279155
58610963 68290551
27027030 72886141
23359418 83815868
55708236 68249086
68154342 75015561
46171863 79087476
40311091 81542783
10739269 53377466
78588143 97984929
49960641 77967745
4151350 33901526
38398332 91915602
21370577 62139596
83020469 86215576
42714541 97467397
25698694 60050002
16947792 92622056
96783301 98593506
67570355 72431868
8957956 78709925
90633059 99263602
39821291 89204339
111350 9002615
23912950 99542458
59652705 98211110
49404890 87558630
56013976 65961448
75642328 85236772
70342064 76551483
47572878 89218445
19365282 46646339
4186187 55370069
59015411 81403894
32244768 35566271
19119553 19820715
68578159 91107267
71591307 84176207
7681920 80625565
29239853 78726465
17574594 96567523
8134479 29378468
45652601 68970630
18326674 41269552
31451023 98423166
46887649 74824567
1407691 52227168
78239667 85700835
2898807 19068658
34038423 95072185
1426593 11623868
48499437 84161508
61246982 84224970
41327763 76510882
26786850 71321384
46720814 97791707
22146723 28333247
49971139 64955018
20919179 51857189
63564234 71409082
35412398 41267570
71846294 76007520
43199461 84077325
40960138 81150315
10063569 63076054
12830009 81980930
75639914 95476165
17732166 50588242
69930374 89476340
35529747 99301405
64318077 79638198
46684802 90838165
37803404 49477533
11268256 89161151
46321336 58414333
67496804 84360861
55837347 91948268
1204888 61136973
3810279 74868711
1641272 68452135
44077054 85637927
42203654 52330005
15422171 93085181
20834564 24025469
46348396 91864075
7897506 11999090
9645451 25391758
9873697 25247789
44016037 46706013
23706742 44515770
7005143 66437152
6387339 13553761
49953990 52960611
46414299 98067261
5327513 55813774
74284808 82087974
26824685 60237596
33999653 46163523
22492495 71225012
68514340 79013870
57522722 61811010
22025190 96915215
27429118 47018195
2333829 89526576
13804304 21706879
2983718 80962844
2650601 11106426
6201080 29391695
34215547 41301805
78058538 87459029
5155625 5961151
49443549 70160552
4450812 60653117
50297941 63001364
24454722 80477987
15681741 42327834
76754240 82253845
2042548 99745766
332625 43824556
31971251 72553065
76252245 95225478
4347138 90848663
93979669 97095668
17904022 50402485
41534205 97643294
12148269 36632739
45969578 88775877
5826678 11479874
32293173 54838264
28038003 73689314
29122517 89359642
26631498 27488948
59024296 84952998
79598658 96220233
41030393 76176761
48638736 67652779
35919511 73531545
3071185 23216942
57483901 80431713
2089245 40932380
50874216 89897325
32256562 37786130
12887129 64303453
35128467 98291784
85381385 87533381
28600692 36452056
16558096 57020293
47523026 60715850
10706772 57452518
45866536 66668774
48087068 65235863
39610189 42177403
78496282 80976963
45749116 48979823
46702416 55906415
26830250 89051681
8978314 69317493
91613446 95237382
25946648 86763640
31642472 99368721
47749778 91946741
4285099 42481732
12446585 17533094
27522656 71468050
36376897 91107259
37381873 82454421
68503755 84316630
76454927 84033813
54524892 63662166
14378439 79006836
52927229 77720264
10322472 13018597
51376603 80763895
71532500 86457039
89146606 94675090
61251989 83327101
44973761 98374600
49765111 98403765
23343784 83248484
7459524 50358064
24342006 84942261
33449227 35466914
42676688 80504913
36304647 87042188
18036773 62214331
16639204 27805616
40712400 88475238
78814695 80097067
296916 65114217
16675408 17039578
99487529 99550279
7188244 23968891
8466498 66980341
3751484 57461389
59965638 84411438
36225360 93960011
21915470 97142706
11328216 17931094
51949331 52927863
36147393 62393629
27303972 84238278
12755062 67457570
18720118 85547549
2519258 64556673
22692201 85420008
2140862 26012913
52185158 75000849
68368638 68763384
29807203 39507754
24597491 75927002
60094788 64660235
63615426 73260069
97411478 98286823
23256114 65689717
7236589 16371832
780784 57485207
17424144 22015846
269490 75570125
5989328 14056953
57282984 62592792
10377806 98496881
953006 77665024
89613494 92925546
25665671 66735744
25590196 44375787
57673970 92468026
43721660 47235235
13697255 84792546
24214383 84519772
31830671 99140628
23805224 85793133
21960750 90090380
5094003 78367427
41982484 51352492
33313605 99942075
5235989 86048679
71480530 86094539
39833359 75797964
54134818 68587276
47683362 75893421
63640641 96859034
7178060 94502502
44551511 58673663
156646 3944324
38284808 43215876
3443459 38224503
954257 46755447
11846854 69785301
33014081 81562934
21378783 85653660
350946 9598037
220391 75516086
54201516 68334480
22661657 24285163
31414276 70887328
25349662 55228025
41319685 59376407
50694388 74312049
4743961 55744152
14434823 43870463
54047425 67794690
60575920 63943811
25981200 95993662
17089326 29176330
22200159 82329894
54122944 54653166
27451150 79259751
29919827 93174184
7826945 26189825
56111002 78060288
2558831 31759600
64063573 80832954
10317204 34244089
21583796 21916949
31579512 39942533
2215343 46455825
28436712 58560422
27010781 79332627
2655560 29904737
41835612 87752379
7047650 10527506
43286255 43922086
3077039 80090485
33835263 86916129
67891936 81291118
50430882 77035846
37478741 62391555
60573538 78436455
12952661 81568794
4373975 28964468
47222546 62490538
15546392 58158622
81593558 94227017
33686515 80066040
57662129 82914891
32372704 77373489
26232880 96022036
25519708 63711940
53227997 62337229
87303668 98984493
25258042 87718427
54253936 79859044
10176407 39205149
76991764 80682653
28959704 77371007
14466528 73727054
7597459 26932876
34210868 96928268
7638591 20967186
3178902 84764406
16622421 54341386
16836758 27165297
35101553 73397595
64633917 97094132
28437728 35311660
7731594 97118392
61554078 67390127
1011733 48303918
28418561 72157708
4803536 71953024
2265125 61628295
26605955 90065559
27457224 75576732
22753683 47228148
47760588 93927866
34064774 53160967
19991313 69946572
24025758 49240309
41881612 69664941
63087242 65146890
61783233 65251873
49412674 96685744
34208769 35998031
25611415 94919850
9561184 61772692
5471829 91166582
38004705 52638435
38060419 54841873
19364365 48002793
41629795 93215748
30321630 31745617
16322332 52470218
31489939 88986867
25293584 70824198
5468606 73533984
12565621 24329552
37966182 78322406
71103793 74220640
54353558 98105040
5632603 53938194
63197813 89709080
30330638 69901831
3453131 70409273
12475727 99033175
6025228 63339493
2220442 38294553
42168618 67640332
13820144 73110240
46353951 59277654
68464687 71378981
16061215 36474512
640131 58976422
11879234 20766920
16400065 64236311
56372541 69574473
1434791 91178422
43313046 74194122
56840070 79539384
22176272 95867478
49060533 91563425
79023776 99634714
19772606 64755827
485162 32604828
18760371 78708860
73829915 80469520
20955182 92274194
5977959 11643529
32044118 46705160
16824916 91002702
9569445 32790549
25644557 89908513
36382748 54358823
79054086 80943273
14117018 32335648
73420871 96877118
7642592 47978611
3518140 15411104
97645392 98716638
30099215 85651757
43360012 95239364
30250971 72135499
22170394 90030785
11447350 78876944
49876535 54177062
17671339 38678948
11204572 62849249
5913229 83894450
32634585 80435681
5707809 78372682
40922234 97252192
42244046 65507851
35327422 77298963
55008820 57870456
32168989 41735654
6700143 70505715
39331988 54649224
5279176 12838852
51943805 72072439
9562128 68015492
16195203 56466148
73190975 81041996
36756005 40610685
7174425 91911154
31180136 92874608
2696850 23763633
23856106 58126799
71185418 90429213
38773509 69494535
20391941 35375999
39814855 90621174
65478332 90507633
17156260 69491759
67291351 77544888
55511520 71059344
12693728 33348191
19559507 51475642
16801834 38911317
26362438 45375596
10077260 51557211
23871230 30123554
38346632 93980397
23034287 87103581
11433054 34020648
15301778 91128699
43967242 73193612
4187363 49180085
1709741 2726584
33988750 67057340
5943030 97401426
2628629 19190101
8814576 63975202
18179992 90474845
12563804 88130131
8340790 66965693
21324757 98451232
8055448 57753549
40163487 81864955
8843168 92180179
21405131 60861247
14007442 31617440
80090917 81103581
78259317 80618289
60805192 76676978
23658490 89162263
69309056 95643436
21758203 40795900
4767366 97811008
48238639 75198478
23370160 96181693
9227334 99576158
9455105 40420155
9339693 30523802
8038443 88041939
9748094 23002358
35045647 39782029
20069955 81823202
35865822 82979707
45302797 87322655
25390204 83931986
30332743 40936943
2746116 28720636
13250314 41910964
51467965 64038555
60428266 85446236
47823869 88002993
60052147 66961817
30323744 73351717
62530666 81987013
39373535 88562878
25173107 37450348
48202977 94282986
16726263 97732942
82928150 99375656
67846222 93342786
3594297 94432640
2904318 47582534
21316259 59508606
63216225 79174595
15162873 75865877
25294875 73915037
52593745 52925475
52234614 90579189
22205139 72650329
69051812 80351409
72038312 94778374
52829154 56397292
6090322 67376935
35721550 85548416
23390880 37566608
81448423 88413251
82495184 82604739
37108642 64950786
14771113 87012292
64487118 87022644
93594518 94363250
24389365 59851399
16639465 34893545
981989 2738932
19677080 91604164
32178918 60741790
67710891 93115028
18805744 34852979
25197627 57282391
27354601 51619411
24482379 45883704
26318964 51612758
30686227 97721356
13348593 96518462
19838292 42053119
46188495 86065954
63715390 79310509
49240269 68875586
71431375 79757776
33000742 55234443
1139028 26902118
12821363 30121686
21455437 34954204
32140544 39664515
27042722 60343039
37981600 79957002
83896252 87512888
31954033 46198219
15104506 18762394
8087549 13908031
61877272 91868934
2155787 54542193
44809902 64639767
59866028 94585953
17733279 26365136
13192567 30596241
15312138 80737529
52100018 99200973
76749443 94293135
57657977 77381547
48846017 89311898
10476005 29813120
28569152 53966368
52534238 56312372
62496307 79306557
26389536 51790357
9297317 44627955
14683983 51875440
30853380 52388030
27949593 50450214
34199745 55062790
41524156 74633642
23646194 28313815
25942496 55804705
75441350 82122781
41836633 97729964
81946820 84115690
42428587 67865214
8474071 95048864
29208661 31923153
21209375 28009538
9934200 17428538
32993799 72682732
26201901 87032832
70042643 96133745
17468633 60401975
8470105 56973434
3541582 61269584
12898777 98966993
26553624 86102894
17405211 67948797
64005107 77219430
4743590 16631544
34912117 60568884
51429957 93170312
38304054 82594892
26090941 35275535
29220705 57394242
49663559 78377649
34930100 53271278
27538465 32361231
5693672 38034701
37823977 55830254
10814425 37503230
34774633 38066428
81527527 98418727
30287533 74498921
22620980 66292907
58275050 75769753
30552469 45940455
37410197 90093712
32910358 93108233
9708285 10472786
17422114 93268669
65355018 66368376
77656836 83289140
14869111 37634469
59324130 93947266
70233911 76695687
77847678 80737890
53753465 55990394
33729143 45586954
42674268 90290859
20304035 60370568
16008991 28883487
50529983 67339604
52956080 79201852
29501209 90807304
34007339 84300487
15946081 76745904
118692 22127139
27254169 52331857
26820093 85415556
14414499 26227204
60466138 68328222
45564408 99309773
4305505 85492889
1702141 93708702
69699870 91559367
53068414 86723828
72200855 89292267
71072605 91142394
27063123 70157450
40853306 51458707
14233699 93807241
35508708 80640607
11216599 94541036
70479760 78124374
7652268 43964266
73340727 75580003
43726786 83381485
23914916 63928062
19940968 41544554
23147609 53381207
41291891 58193251
631044 73788509
12122476 45498964
2773706 85574339
26321680 58750754
40367778 74313740
14529671 18608501
32953129 77595735
13525078 49674942
42050033 50355220
36367012 62595885
82891069 99055804
53520841 68345859
23960873 26466458
33270862 54121135
31091030 80777027
2320341 20096231
38242972 94339817
57934573 64769417
29919469 44827234
75766607 85618493
35116037 53716758
57629827 66209989
45088037 96710119
25106328 96472169
5102612 44260535
9780733 67029846
38680669 47019954
56534803 60882118
33724970 48254216
354901 28637675
15875244 79674889
42132682 43006039
11766824 35488560
31975456 67209110
1450823 11375375
50144583 65502772
76573622 81279504
38570952 59570807
2353133 28142656
76870724 99718281
47213541 96944132
8977708 25933309
67799687 75749022
27451275 64845249
55269524 94376235
12491096 12520391
25195782 29276617
79247958 89501281
4960614 86672732
30929910 53031796
23196706 94467313
5861646 52771256
799209 34842606
12741585 76105401
11572275 80502472
92314550 92418118
59004533 99355766
4724135 78874009
10212586 69425369
59437030 59560115
30976018 59516613
16534808 54539372
13697415 64227950
65257174 86480412
28033615 44345548
37221076 68507691
48004782 94337189
46413017 84865010
54389244 68374345
26245913 86212711
31754737 37987708
5716548 37157640
16551485 80838055
44112207 63902856
54134051 63088779
28970750 75265764
60236485 68507724
63199085 96821714
2633287 33536572
33532727 86596386
47162225 91070876
16626330 50873042
20963320 88582780
34136037 88746524
76553628 87478359
51813191 97492951
15207382 56642910
49851210 70185563
24912486 79456512
89328809 91546736
54362012 83566053
36877566 48173844
7794322 87121039
39976814 46509737
26432594 46758675
14089945 36933004
52620789 77964555
23788428 61867070
7817679 52261736
31179211 87037504
6534645 29679770
22778318 74215794
15145073 64407282
85737596 87167225
60851138 97034661
20711729 78158241
365158 50310869
37353378 74700978
37783945 52007518
37884426 98206992
69577851 78268942
37162594 38689049
75963908 95841031
64091940 85549609
1620425 16713654
74628269 82566828
21638807 66378733
23194115 59005993
47573768 62054973
23277140 62605328
76582207 87628119
62985525 66423515
10275920 39480798
2165855 9182494
44010687 71583579
27535572 39237228
1458025 30178076
36009130 48971646
62061498 90759059
47259816 68473352
8384383 15576636
55522149 86473890
19070255 57712225
82678652 84714204
15409366 33239149
32599574 45461710
65661056 94545063
37916154 96664753
47051353 54649856
55282999 89611093
54107535 60366340
18131404 94353486
61018325 93498219
3163787 90224873
17636868 29837124
18335423 23438399
51261307 65154819
22433559 44512034
27591852 33387626
67427618 74253623
19041038 39523457
43163355 49822643
53163219 90492949
7854721 83126371
33786015 50252610
49072925 90199093
36132559 80983469
46341886 93190416
12940943 46149408
5419878 94930490
24864206 89822392
25857381 57230197
27094579 90203129
46248168 90588804
30527439 60957160
8085686 32629029
39696504 67735485
8608052 83177864
47494593 65376356
7418212 94089169
56355455 87602305
9114589 62965968
17949519 94696514
85271821 85570127
32515994 92588782
64241588 84958888
12652166 76242625
17104065 42417074
2735626 87014998
63685044 96076094
35776033 80189108
73209505 97276806
19799018 51367201
60736480 96399954
16947929 54766013
45536822 80528433
74217220 98924120
17985704 72184871
73997867 81205074
59969411 78295052
14826262 62797463
1973465 22440480
69571518 90398692
15058075 33825455
68511029 82201555
49157440 77675634
21655070 43343005
73955488 85435391
41664868 57324373
42705122 63522214
5290405 34875063
18187242 73601316
68725795 93842773
42591140 80604395
32787006 95918721
29819574 77038297
57533494 71886395
9033004 81739551
78949786 90284462
961121 27127227
23519242 72698459
9467847 54577703
5464989 58502235
77771383 90692372
47169734 91318950
8590165 21018624
46576558 99958716
17863991 18083561
52573925 78047973
53011400 60886495
23989269 67950107
74419532 94768289
2816514 56064272
48501937 97050571
10686926 47955044
4204444 44609201
63393216 65344287
23947345 54981918
51253131 77957096
1937688 33554913
71750809 94826952
16810372 86926418
30746162 99826030
3105874 51064287
10827258 75174526
61770681 68439116
42162173 49674467
64518933 66107670
6190875 79218887
19569930 21776906
26927235 80994558
67792888 83278114
15921910 80952478
40451555 98384891
6410011 50649577
12332093 81688186
62511606 76579911
95348631 98490121
5586447 21547627
31919678 79301945
41302518 45377424
26315310 76911364
53038677 59056460
71901199 83232547
14172620 86925447
78294011 99334866
49530383 73360807
32411920 93154212
7513671 85537810
70038638 97132037
77225956 94482868
31203106 34103468
45860627 93001578
29966879 93419492
42884411 46998617
46751712 64227652
3317992 78591934
73389433 97837295
14862173 23108103
85747412 87794130
85570303 96469411
10876667 30622474
6403987 88403120
27729772 73340442
83218900 87938426
14694854 64917918
10924664 14616295
24159702 90761462
64982520 74084107
25131745 65174019
14435509 59741915
26895731 48148330
61077726 71971741
14011485 28525582
8540229 66175641
77815450 92945931
25492463 91008038
31662464 57470483
11592209 46374224
52949863 68314104
24430545 67889730
21273612 64643924
16885765 91123870
69162589 80569054
7938747 12882215
12059330 32477456
15361783 39162168
41564219 41742306
18474379 71778689
37783637 68585576
20883443 47605597
4659237 43110676
17252870 85819248
58914856 78043527
74081882 74876050
11639389 46736747
46153995 95712312
43082360 48551653
25693052 31033752
7899746 48944485
63672454 86945609
19787385 58676148
29070111 95924193
4164138 20076452
54718500 71624527
59471941 92661581
21900503 80666480
5084390 25432519
62814640 96316303
2793573 96302459
5140911 21114940
69181026 88196612
4750960 23764949
4049703 82778026
35926557 90223750
75664633 88342643
10271460 45686554
20098330 42012727
49015503 63014184
32737604 69132558
66356240 69808665
59277059 68858993
41601450 72482660
15105295 21999639
11043893 53532252
13448406 93987226
70651171 78936041
76726532 93451612
44594148 92064003
77603460 94395860
74957069 76369607
41984371 62197326
9718583 30749484
6886344 93211728
40139889 41168651
7374009 62172161
13229417 29510545
90211183 95338888
43420358 78611098
25709143 37627786
3947464 73040545
39142191 41303506
64354783 76004165
24054268 35562779
18104920 72331273
25426690 54926848
8401295 85272514
7652442 14056037
19304791 74302029
38167000 40100217
32140359 95135324
70415171 89890786
4114293 64747256
40387541 68289497
18441010 68525553
6491209 82964386
31720385 79101422
47749335 97683879
10806488 12814102
6228632 41627193
5290657 85318117
28111283 40835961
21983423 29765425
20795432 42584506
3433611 45718458
6619452 30089509
10494593 19129461
36054174 59236809
48614015 82236262
38164004 91994295
25793096 76401057
15765234 48668400
16200966 90916427
47991617 85687109
5288206 15761478
26384582 51869522
24634257 60656938
15962161 75745581
19431445 21998854
40481552 49266075
15266784 19101100
27557793 76241830
26217552 37452835
29100241 84648001
39661523 40597187
19827481 40842965
62244740 93873525
17790370 50741151
8976228 33613799
3513231 84492922
24806966 74365231
35765532 68970235
13454914 54470350
33255667 89314583
867607 47928210
33393388 75403306
51959250 72663229
62335038 83527097
30264312 37741798
28105400 95289827
25291364 45586298
58308138 80154482
7871791 80147849
83678310 98764727
16724132 89984186
38334716 94925034
64118056 80671168
52160747 60821069
29987217 85706228
41157040 72897248
3322881 48520408
56945480 71656827
40340312 68211771
27570577 77418768
41492039 53352059
5203918 19733878
15281024 38005265
32551360 54449639
5692454 12138118
41047266 71129139
34807695 50843986
62194455 62921568
24412618 60433702
42166664 43270249
1100083 21874624
80796638 84720621
29994155 86584025
32631753 87322919
24305558 87440922
19660347 23042140
4705514 60665003
1858737 77155698
80861870 96431169
28306740 70496160
20679089 25362043
27484455 37635202
42775416 60079401
2888461 97784096
62298164 77516749
50997769 61579877
1677736 50260372
516874 66198160
77023447 99151538
31941575 33147969
15637625 56073366
15445278 68105672
28983890 75272843
10920760 62123644
20761751 97734211
781 65303766
18545419 56814503
14359688 17872918
77471809 99984110
38505432 58922862
17371551 77268548
69793320 82367174
3324671 58776955
21003749 93612753
6696437 70687029
63747028 69406585
31959520 56350638
20488270 82370618
36453853 76906204
28934455 33732265
52464554 90046328
35250162 97267279
7900498 28328212
25228598 69015140
18053346 32077008
59004038 72958916
45801349 86933069
8579037 9668084
9348942 58599324
48261204 93252357
49147019 86687746
3975311 61058042
46492329 87716218
29220650 45670808
27161375 73168112
17862189 85517269
3974872 45567957
31778634 64203929
49417806 88342081
97648159 99975697
5511645 75508352
14675154 33806286
69385303 87329046
72005084 90857457
42958808 78719422
10772997 89358900
18932665 23538363
37813342 65851897
34344076 89978320
9131972 47180110
68281958 84529263
24936809 85078728
62158904 81881124
47721811 78756728
37044787 44231147
8275479 93915959
38035135 71521202
24530993 29646420
45967847 59131899
32313997 90646564
22660222 48884055
17852382 94210484
17795880 20202237
66628288 89481811
63248551 91682397
74852737 82455243
36661140 52082753
38253273 83269181
24188296 28151348
59860142 73405368
32157540 69085087
46156593 55298941
7589729 84394185
54695055 99234344
6983787 36358612
41717824 50138152
36622060 40781201
18304010 50671362
4550241 59220572
14832049 61557717
27756437 87266341
34073419 36641079
2941716 29739994
23222299 36859976
6431777 40427281
75635576 85604781
75945224 92562217
15526112 76383420
36824 54908068
44720174 97754448
12333560 71169767
63989039 64287049
72540416 84372633
20829656 27174646
21242231 82695259
13753245 52456667
35649254 91878247
52584326 55509068
54950939 66686145
3864527 5514980
17519301 57194056
63368416 95759124
37369523 75154976
31245725 67252881
43598174 72010948
1212194 71144134
52603599 99020467
71938476 90509444
6007288 59415656
27588286 77467987
24778862 42462052
10157089 88153742
11682711 63421354
28225665 74181912
2755767 83954336
12081334 46019589
66103808 84594592
52831927 94312042
4409852 63978179
51042787 58441123
8009964 34123420
2873722 52379408
26596219 80228490
52186624 90101127
88585380 93692552
10496491 71414284
27477156 95051370
65172614 92780762
1836621 99911542
67609358 77232962
31755964 97024368
28385476 75011898
12956573 99076531
30514759 67970019
27400937 94416137
32123139 35377185
9636021 73749522
23163377 25374295
45921985 54623172
97799 36747702
22469867 69989468
72585808 87908969
17721842 98364343
49946760 89307173
9747722 19918636
12339470 99072174
14710229 85041454
35385910 96324556
68984053 99522487
10765837 23605775
15478832 90351798
46786508 51620514
48924004 55956915
30998050 39523631
49910824 58747663
84009939 92301899
4674442 52733139
74951678 92178600
9173321 24676709
7495166 25862516
33719675 39674716
17809627 98277405
45429711 97616997
68885893 75949175
54449438 76147232
4156641 94246830
1648346 75374328
22516169 61470749
66291118 75823959
38881787 72310074
4798066 80138557
64164144 79531217
19584769 36870380
27597247 96819831
28594621 51517800
8856507 85543912
2850568 95936167
19698391 23796854
73034536 90857573
80317525 97554191
44336608 56570103
51272507 80520053
20355374 32521244
33681453 56803182
5831140 61520002
3530764 28762823
30708801 72080102
25411311 60138898
24083150 55864936
56699152 65361595
69187572 95069125
32019923 35333332
25686264 61693592
79220616 93342001
12341787 22275362
7728456 44515589
4869199 71777449
92616599 93120775
39345216 62567495
28487522 81921672
42406446 71060027
92473392 94676595
12581833 37024902
38622102 45685969
20374256 29939456
32742385 72783983
64951817 81929553
14353900 60032560
36402177 70335219
48846559 71967364
65274233 73557723
13167731 33870482
19350163 68270069
46176988 85641503
31886291 60578799
16420431 16863298
57857022 97915320
1235747 16530751
65218090 90592505
8802001 75026702
13715214 88234139
69935702 94597689
24451696 78125018
9796436 22049530
16465459 65761768
21769347 72591875
97594305 99079115
944449 49989383
16632146 30156811
11239132 78590057
19886956 90064442
60919263 92343451
33585827 48304250
1384430 56365207
73239147 87014096
16892518 64443277
42717350 81454122
36928851 45646881
72097131 92818620
34611056 90169282
32555857 58087111
66081911 75318173
50054403 52386703
79556661 80283715
17457987 18511264
51085836 86349778
13345092 36378715
45633147 84499670
26904170 28860895
37140532 72201346
8163848 52475873
14502756 46754372
8195513 78820659
47581738 97041099
39598140 58953447
68723230 94026849
4734494 21826083
21959286 48954440
4178425 20537298
38724915 48694666
24870784 79510269
6040794 95738699
965770 7008173
34138068 75870450
6667320 18757074
24338306 46205225
78088399 95169185
21163073 60886043
18375527 48533418
42725418 78488919
43506096 98430837
46610805 96184331
65512292 81008259
69625736 70403463
3283737 67878159
21610814 25316523
37644465 44750999
8846668 70749112
31125874 51580744
28092654 75837943
18327507 52008972
35922988 41228285
63104716 83191157
48158694 51393073
58184535 62375122
61730171 78650806
33728841 39410953
74864231 88400852
44285777 70118095
46268139 77873036
2071827 53056889
18991082 78258920
72913596 96917757
59974039 74732088
12645841 34348643
7212328 41932011
17671569 93400071
26754886 79888925
58798564 64585463
12734643 99591687
3586867 88424052
58804854 78801286
10917115 42429878
12663222 70562588
13492554 78292100
8153501 26270184
51970515 96788476
57529943 70921239
45979812 47944301
26025984 96527312
52036193 59792937
55583904 60178724
50612557 97508058
71054886 81399868
19239078 52715281
36520767 51990719
56126790 72455578
25981097 78360184
51928006 57158590
55750707 58099484
3554607 54691523
44243079 70728503
55790654 77191160
44694200 74448864
7666389 77814439
39146883 47754618
35711487 36452609
35034729 42612391
28442064 46991816
25031584 75123159
10197843 27328541
4321541 8673324
49334712 76222909
72348287 74345304
50358509 54220233
16535892 77591193
16662636 79121068
20362518 59500747
28016730 92518362
36888587 69907854
43389274 86592119
50723758 88141509
48189909 49872701
9983410 36762989
1536753 75342036
79083957 88420918
45411722 56202791
62923861 83894795
4013504 97399109
11550554 75564335
10633395 50455329
44618370 83154654
13562803 54289102
32212797 91178675
28255830 44221200
16276421 91975378
6089824 92122607
27683552 55324468
14478473 30630990
2076284 60399310
23062775 82290274
58455148 64603319
12774327 73565166
13859785 24843096
46564535 66612403
51994993 83640309
21716410 81438711
59126743 62990183
72970683 88635472
14164592 26283081
9808606 91554016
41229632 59484769
40446139 99706244
19298513 65299251
12074831 81904451
63782153 72914436
46060866 80707115
30634655 51925459
18223515 51221132
29916153 82204207
6278970 71868176
30028812 71987627
69327432 70508170
9675693 60568992
21210071 92637327
15299001 21759827
63994228 88567200
6392967 27396233
137469 89693086
3348706 13326351
3334640 93532480
18050843 68980198
1321730 83700286
76802834 83849159
66918172 78398688
10634063 57712935
48417791 90823078
23397760 44212157
29131161 55405994
5454100 51534772
15214201 24642365
12832746 12866872
19203147 39518748
12004643 75391423
10138314 98972938
31139927 75010977
14897076 58004682
62784802 88650559
22041010 64666889
8292541 90852790
9522702 97321728
7579156 66951023
70453750 82886115
14247487 60854815
90653702 95501851
83621664 84539619
58653013 70818383
28593627 71517922
28152746 44229074
26291479 85158437
78328851 98065048
71593469 88692161
7561223 44459921
5738310 82294746
38179001 61496512
18986031 72873721
43404494 80393217
47804443 90455967
17617440 78727977
41118865 95186895
44959579 61488270
18849084 48800700
57617363 70261153
20205930 82938962
47960109 57973182
29576928 76915713
53075115 99646615
50707654 85436136
34981506 46711015
50849170 67843574
18599496 31981555
14731658 37575862
24976720 96292163
4520359 85894246
10661801 77970513
39165708 92931220
15327388 46960370
24527328 72119474
8691525 58575803
72030214 97929945
19728005 28795387
889868 50363361
4784429 10045948
43466284 67932305
34652869 74304269
41310344 86612199
34979299 43865210
22970863 42834725
5760764 38536128
64507600 68358690
13929967 57305555
23382973 88528283
3364447 80446634
10043535 67682971
28342065 43765460
38405146 98292508
9148451 22338014
41232685 77186230
49411503 70323064
5617957 59327905
57671637 77725238
10769439 13146125
15368720 88830134
57404216 81079118
11304073 50762077
28926688 86568249
22876658 29623554
54671272 78535348
47186990 47636333
8229386 59033129
8471187 49473574
15027752 41484219
11278523 32354255
16463008 84769346
30845228 44515825
64605421 81614794
202975 93132209
3918911 74623317
13362394 36486622
9111590 37769877
39127377 76379419
56483388 94810800
256908 92359437
80635441 98856037
21194794 41514752
39266080 75704193
69412705 99922989
31733397 78543049
23213473 85332841
15376614 96371617
67192303 89587515
30501253 48708101
5065011 20909108
32027649 78714189
641531 63716046
55324742 58719850
13322140 18214701
23022234 87453881
64639949 70302864
38521841 56800021
2785114 88937597
66792938 85559534
12010509 75721728
5739977 61957180
23216304 92900566
66549479 97734175
51562096 57301211
9853457 35082984
37798413 81687753
41163990 48076472
20937916 79264543
71132917 83136779
37309064 96992429
74286221 96084778
5138627 92948071
36479033 41710982
9910823 66604467
14969682 91614639
67401821 72368774
44516058 69785462
10474831 72863823
10672917 67220242
21858323 26428369
46165992 75935995
38541457 89908501
27679390 28080431
8509426 48228059
8678330 15056814
1304063 97957325
4627126 11467464
35806276 86066360
34272667 99295370
20024146 98093724
15338965 80658364
39646369 55051171
37734795 60244314
7839463 28557572
58473951 90605757
12127555 17738691
8496534 28636206
7633861 43811190
15555155 85472738
26470687 39681462
18635899 89126276
5076876 18044542
6991963 62276039
94250907 96089121
47975894 71406196
21856028 90562760
51061627 76414177
17008233 52680662
17417385 89577554
51225667 93291185
67234624 75383941
5441627 20807889
44333368 80169499
5145942 53820687
776532 34764278
16650648 59946990
8315634 55990953
52194392 77937665
65914581 78195795
7255598 59696484
58369157 99661227
50847092 79096151
8254201 34239959
10873342 52212378
32668241 42618502
56710931 81913329
40519200 74114629
19591988 34301828
5615392 19898177
12807487 28845070
3914662 44758214
1806889 25447970
87608628 94341212
20761091 66493360
11142459 29670650
15648406 52279291
6737900 49874660
30103642 94589072
11969830 84669028
4454871 10743669
63409748 89218451
41961454 61577147
42548079 49834378
14409596 85215299
76821296 80567235
20575067 48068937
44031632 69343148
51622032 76965715
20569606 27193399
7206349 52232261
48902686 94948144
72341765 76678163
4289043 34847026
88750415 97544489
69134346 87434909
22104120 97582406
22325576 42673995
58470530 65396151
37437811 55981564
31312831 94838113
36697349 39578087
1836304 80600727
6116655 34582563
88207537 97226545
47051197 67645157
66843245 68614563
63753535 77299162
51513405 65411865
55430928 81197697
11931398 70685647
50810656 96641447
44372881 81073233
27477966 98036924
4045059 62663619
689993 5574206
16690152 27059517
53424776 58566074
80637892 97878109
85282149 86756566
10181447 44355141
52001287 88954184
1322053 98497398
84213010 94399630
32818514 36134131
21110122 40168457
48011899 78020016
46528174 68181490
13330440 16922454
46058861 62869935
43458916 81353635
29979841 70503273
60096979 94995884
64446376 95682793
20034922 48944027
377181 18853062
6725054 7780765
13690275 66736454
21416642 87611293
10772863 50858502
62530172 70098448
30568775 33021117
23621508 63215907
17430270 35138391
9754088 53546748
4619633 44555448
43207425 99523383
5176016 51203347
24825369 59165695
3814736 27854207
63288387 65811831
996760 90309198
1393388 20527875
50342227 64553856
60623777 83961120
14312022 59247133
2708882 61828924
12169432 50593946
27430595 67104256
33635334 70355467
53351147 63084333
15269244 52455409
5040970 6357628
60945310 84690275
56857609 77258945
31772471 70636083
658497 684566
55087317 64294271
25000953 79320661
46342423 92108464
4418008 98538417
6083593 72620998
47664761 72237078
17554629 82679403
61350879 91578407
13354086 18571166
50461400 89702380
1438475 82116506
36289604 85567075
10322968 51376595
19550642 77599185
49821802 50662009
71988863 93142152
56932976 90742168
77712748 97623314
13878822 49781471
37803265 97881968
27516325 28354176
32618662 56319511
40030417 57690579
31544966 62737161
6941858 54648856
10046537 22761584
48025038 88525366
20786880 22951120
57045505 97205203
13008788 13569178
31874109 47471550
13342192 39133206
766732 25521191
16821222 19152388
13878943 58630989
49319698 97583721
48676564 83949552
70780130 76266757
4905979 57959861
65372225 93622862
33680942 92903254
22791788 28115839
7580792 13883544
37518072 74271897
43779037 99540242
13024143 33053529
79131324 81727711
43138747 51038432
41503926 79918099
66015580 97754462
36026461 41173225
42525768 47357176
3111655 67361296
16637258 60339160
38639964 85324412
11704466 19007667
51587672 83150036
49863317 57472528
18924810 52945011
40789866 50030529
42228396 65841190
664004 98728566
20994150 77381531
12503488 21705613
34897596 71054906
21015291 81290990
45243567 46131238
89110622 94425909
32639704 69456329
65581988 70915965
36653665 97944569
6578053 91766806
32649890 34073440
41224728 74213118
12787719 47289738
4207685 46078149
4239338 98936755
24585774 95231784
46990790 96147059
16552818 22931291
800477 58587446
72921147 91948699
4110432 13222637
8930469 73741160
34065949 85353172
48984507 52576182
12718241 70079523
49668832 73987272
85296325 94064594
50496024 65448499
46110387 99200649
22930083 32786150
5671139 19674260
46422244 74240038
9360136 85288313
11797092 16750071
74804236 91299312
32712416 78132833
89669288 98271196
38948308 42671377
22371112 76596889
12611591 78550628
33482413 72441574
17063382 41417228
39373357 43360821
43137178 86793319
48570144 59244040
29188476 40020416
8996425 57610214
23254545 45438277
122760 6624683
35055579 57907338
8820939 99792098
13025021 48399097
15937442 31603632
17484199 74661911
21847335 62421186
59148289 88609645
6141764 35172916
70166021 92861532
60888280 70284320
30021111 93214571
7877796 82664410
3388092 24191313
44245288 89258985
58612866 71961635
4771148 33977937
55573293 82070093
80556981 93093743
10885324 86141725
32635840 84650626
28524905 91965009
54590883 77831145
31235949 75435606
48957958 88524178
47192812 86594251
25272130 61510144
27024021 91419440
14464672 90265933
56843777 65552178
26731812 82862483
1959931 59753334
7986945 79114316
25877875 89097973
59601281 92548296
10933719 59605568
29215660 67704216
28252093 46528917
20268956 88204092
61193499 79576156
5986698 23301742
16946468 72123356
46069564 95276911
72264823 87791096
34901082 95554859
58036989 79231670
21161601 72476919
19732583 89126876
10984910 75954977
55804777 66185288
47615604 86652662
57809095 60453263
57308101 96847708
57594005 88436716
40460812 62147268
35442658 82752997
46212183 82501356
25329704 74928652
24805285 40661749
38073994 57668617
52044670 54081484
45593943 68561958
16139457 30948043
21753282 60007123
15776869 49520407
35345335 67717525
58520532 67429156
60729115 90361525
32352105 65038131
27514531 86980267
20696677 37059466
16208647 98775896
14748159 82545221
18778418 96378012
95749611 97067723
3251373 89209355
4779330 29031352
62135761 77841326
51310442 51831461
85141634 91760897
4934568 45113682
32822794 92363359
8381896 26835538
398041 79889910
10920049 39447065
12319412 42558417
20385234 27296911
68463649 86878670
77936992 93065890
41616465 79778441
3068679 74975327
12284950 64043141
20801046 70873314
35426989 40939710
34608451 43971175
25601840 63332686
3029479 40114826
78334848 93969363
11796134 54555229
7822808 44977756
68710181 85608061
31550882 96665174
65897349 97209050
26459990 76127950
27841385 61944002
19765383 48591983
7326521 48387488
4174030 82082897
22179363 33657508
7146358 31882218
86686361 91081053
3067531 96954555
45164292 59288194
9987730 60877241
75356582 92790596
23896382 92005324
59859017 86474680
62931364 84335394
73272861 86316133
28028862 91476578
55353793 98492119
8545229 76160709
55582345 81291617
45724156 88425541
89908347 94572733
76763760 95886532
36586810 85399268
28004145 96905349
2593949 74937097
7208299 40682162
27970844 51688942
5712834 83916382
6895874 97492634
54925080 67121407
18152455 92020862
12387536 49303737
26076446 27294212
14348269 34904073
11417550 73690556
42238407 73016168
6888042 62098379
53597819 81988049
3477645 7925836
27625879 71302734
64993047 80963670
37225045 89303506
8456858 55906113
14025633 33161331
1054651 95592599
45951698 99254373
7751975 84915542
25295260 26308454
899280 96291381
34257262 67184853
5129777 73211827
6739485 85579350
3727452 46831653
27399271 69182373
9200489 71180125
12839786 20501803
17566542 87620389
51404520 85622892
62014137 99306225
63367628 98869585
62328399 97207777
7056447 44364092
31930848 63476212
15020178 23735040
30931142 68496067
27468112 62527899
20206025 49937845
23380171 95335387
2838193 58782356
26659478 93215666
16135439 97767292
70993176 77454565
8079572 23353548
39584142 77768753
36031125 85756064
25403743 53151420
42064351 82572270
3007696 17776030
10709128 42148445
37504218 45092976
38443880 51023902
39478247 93579121
38231809 81913402
58479743 86742517
9521175 82853001
15920607 54970461
3087695 85326384
12785757 44399129
66447578 82952991
25925300 84488909
70872770 91837961
19944032 28640337
46283661 49045533
51661006 71133313
20083424 81334757
15831442 29149003
39283245 53569592
56751467 67081780
54051615 95014777
14746743 90588475
25154878 62845364
23884303 32894438
28780818 85182922
30653374 88457238
46167084 65479770
23419854 32303408
65422704 70791994
15057201 72549833
6314554 55384281
11471421 72373940
7047403 51248049
7953297 85390123
15078066 16647784
8390217 82440927
60191963 84305045
5450492 52896850
50859370 78633188
49026755 60485160
31153303 67757600
67571099 83180685
55508025 93290910
27611702 88089308
18515026 63224416
4719383 31836114
7134626 53237847
32979504 82975120
79341199 80516627
23487724 73302126
75982776 86572502
5229994 30717089
66489195 82729522
23349376 58437141
504852 48586462
75762202 82644271
38311039 38887568
50673773 85790030
58162788 88458617
49593503 94042742
31206952 65868305
24071440 73535726
16471090 58226483
62444764 65418997
39529923 69827869
19756138 71922126
7391727 17395106
12731199 12916302
41547365 95604579
44252055 48737602
3387048 84464919
23942432 97552680
58990938 70401571
27653802 93375786
75285188 95357148
1079254 77410973
991056 95691834
4402945 91916726
2645461 33599047
37773180 86693311
2389001 41723942
33999491 54719787
45993227 71956917
11616451 42757676
12511902 45712645
6400402 85909126
71413405 74045204
7773046 92412269
40948339 65670460
31582254 54194612
81515525 92097274
22366947 23449236
6709520 73285490
93335854 94145324
13168122 30887554
6562293 16861857
24112529 62063496
46275607 92525277
24984142 99801094
39289128 48593403
75037162 98969919
1501609 81818235
10933897 27676681
55908601 77990658
79073140 79395145
3757022 98940122
36556588 83321074
22494310 47100351
17689019 67062224
41027847 45828726
29778276 76881209
2660766 28003802
25541854 87714648
34976543 91006002
2423970 92630975
29894124 84592996
6971493 79646930
44963975 71359853
42106981 47655618
52805047 64246844
2636446 21896868
21326922 30440515
73212807 88518921
56447659 97481693
53974291 56844675
41676175 67187278
46138714 76211844
28282446 35257860
24804350 72164312
51477759 97824030
32400937 97198692
17763586 80244438
10973988 23940481
84610917 86388434
54635897 97380948
20795358 84891230
28699597 57689084
40407261 57330353
47294977 90373957
41416519 70484423
25002053 79299122
12306793 27292709
28405496 43121471
45827785 55443578
44876602 70567947
49902894 55386683
18391861 98760225
25305082 53955972
22779470 59932379
75201883 81111493
16016608 58161659
23821083 46346298
23260838 27849580
55130025 88407928
5904246 34056802
45194408 71796923
6797971 94582400
7057541 81262276
17507941 52469594
74395509 97313021
15852765 68158029
28295131 63619185
34556179 64881374
16419613 23974532
995801 13849323
15652143 81513767
33719051 66962336
33869254 58546071
76866473 81010418
35539224 82309163
63656189 88819693
15489977 25943008
49592885 68320339
5771217 84188527
32465129 64277293
26849363 27594841
45547881 75752956
44561384 97215807
44097117 95270631
699309 79942283
42246463 48456955
31876295 91102991
45775530 79598633
26989030 58674862
75151244 82356962
18767900 67090743
3834663 37459720
9622689 93785549
37132922 84912842
70122826 93015830
61067443 61899508
28024315 95274059
60035766 80023949
42761548 51939595
23723560 68522601
51490852 99546822
7221290 99546418
47765446 77353294
52876750 94893029
14851642 66407459
3039503 65470664
18215628 32073149
41026800 52224444
63301625 79961571
21983656 33121759
21577659 32267293
22073061 65695214
33741957 80091232
19604398 22711002
9275285 89625754
20038253 25642760
23957460 38298003
8370437 58336526
53978965 60909799
28898192 86511059
2482472 91775082
26679371 74177609
60167009 62064546
18618893 81265083
34434439 97812427
64276604 69867905
54016132 55652681
29979804 57487375
94310037 95893186
25753840 53522520
8344973 27666319
59745204 68329633
761324 7936696
63183776 77900968
44801576 68181163
18568782 96165742
51004077 74584527
36933733 44934021
46517139 77184587
38770576 78095638
13510870 48151978
41720483 91161342
702636 2058350
33957162 69894558
32024143 51739800
71870730 79625840
2932435 52930453
53427040 60687086
72756090 74811598
49139406 90149617
2199474 28467896
71577422 82915475
20851259 68080933
16264772 58246481
41491750 77589996
15446937 44762079
53015136 68622292
18807225 99589790
73609152 78860601
31230074 46889593
40067862 46494416
39196499 77092084
53447941 61165621
13648708 84133358
19211884 36053767
39960776 46398280
16844309 53119255
13281339 68278850
10410755 58978928
29074941 86904311
46845538 82071031
41375963 52997033
33955517 50792513
8421040 10610812
11932218 12278270
34783531 51626821
21304470 86304518
41099620 74996487
37878630 42848403
48849418 86760868
27706111 31543175
18147183 58133456
22831308 45630956
75999286 93939863
75087339 78036215
44192671 72645089
34445676 37467249
49402200 64038498
44462333 90480142
7411570 59035877
45408329 91250966
41162244 85487073
40821348 84632285
8326218 52814561
79377059 92882212
42188059 87386656
41631428 60151298
23955974 94425789
22079611 75385800
31682068 96660814
45476080 79231104
13604400 38721700
10729085 15631245
58497332 62111809
27664751 89377996
24277750 76646253
57746788 69025150
70622437 97726952
2960354 11635493
23403958 51799901
15577440 42880235
46563214 99040587
45739324 49693864
21966708 97495816
2098688 32983739
63428720 63544500
32874528 83841042
14742364 66571171
71609843 96073808
10671718 11897137
62615483 76563544
18341041 51545077
16962105 90292684
36702139 70289329
65532730 78004087
41974118 78472263
19640718 85234100
66348751 96379698
35450109 66030308
7518209 59238921
43546723 68435385
6679842 24079227
3170076 75061048
48692684 50363720
10530131 73113859
20849033 61302747
55881484 61594790
12574010 32690218
10266018 70028923
60457669 84692565
3012091 20686662
9235805 26678926
32207063 80070923
37752823 38311721
55598155 73670646
76703474 83880744
8026738 65174570
78364564 87725895
37163418 48668739
80612073 85063123
38797272 96128704
21496966 32239750
67285174 93747123
54097967 99667855
87829515 94427046
13725086 38348804
82107095 85196994
56320698 88175251
25777521 53544457
13367885 28711166
32436039 81989892
46228548 57326496
42967344 68145777
44573839 51894327
16803124 41400198
10250714 98240298
72122725 91845277
75336781 81661882
20616261 58448240
15528576 32663745
20970732 61840638
33558950 47767028
22597770 38062490
23192560 74190584
19473158 66513150
14548360 80836742
50531655 86435098
25648505 72670541
61758978 85827071
37955117 71295463
39686697 51801415
64424563 97938718
49014738 62585605
48170779 93823332
10344164 37842915
55193427 84000187
80881914 92710481
54104440 83980175
30873372 64831760
2729483 48980344
31546090 59618762
20523763 67202826
39938333 99529348
4456006 64322069
1116158 74859682
6708386 99759277
23683685 80535749
64028811 80721674
1796528 8504256
61440990 63526960
33412764 68989100
33916952 89017529
70847714 79853431
61662774 71398157
7673303 52962035
17958262 89619213
69278463 85465595
38555801 95710450
38674799 40346663
48604681 90497849
52220123 62651668
6945379 87698795
34327431 97958141
30442542 51251559
19259621 20432891
11488641 55482836
3781145 27803189
43013217 76275719
15380078 95929619
4006867 88296559
2986934 93595423
95548545 98656234
75198024 86523927
34464358 71544637
68207340 81819829
20259611 57954845
95082943 95687012
58734868 99845074
18830748 47487814
6341647 54172621
3995498 30828772
57872259 98572567
1298742 72658930
2662745 99416620
13401716 98592095
28922429 91239339
17167116 55170298
17347120 61854210
22382557 61677418
35718942 50889935
11362011 87093972
23149189 26581541
18336230 97201623
2593264 8048788
44282654 49723292
43365754 83137180
83099 75769897
51071369 60559353
47955165 64414497
37971566 63163940
2274121 92040117
155469 16135973
25262175 48960989
5759133 26715797
43780680 59072392
23327466 67926566
21183603 73522981
19686339 35144040
40965541 74554997
77500641 99830017
11148190 70972113
10147276 61331307
43337549 99578517
1881475 87701715
16303598 47800039
72453236 85347379
86039470 87431262
22939348 89251945
16055066 97105984
14813315 93456976
4061705 78061144
18640226 55967834
30837236 32691613
5411615 89084182
33447157 62721034
19856893 45087346
86162188 96785177
73541252 94130259
24427292 43391679
4178335 84844235
79123171 83520298
43843641 70532505
40692318 97749070
36723510 76565707
73853063 92722699
21493947 52370744
30629498 72503827
23931565 62792606
56824797 88100778
32292874 49303108
19756477 87695469
43528824 96171541
14576047 47792852
30395012 44256984
661559 11441032
35994105 70917303
27300681 85858527
89732843 92195516
63193645 84479497
68104607 98156052
19322335 58157016
58274764 60488376
5236440 47572172
363251 94661000
26207357 87737639
34508997 61397513
58889316 76827268
32126230 47673811
30852937 88930400
23588360 68126764
3002918 91240968
31840447 87842616
20587210 39570531
48931623 94774811
11238044 68236844
28729810 89853002
10274669 99849702
13096804 53947060
531009 31837591
4377712 33660582
24325022 89670671
41550549 68460227
70874332 91582399
2560475 31079924
6376020 20782056
10369087 78127646
3667467 97116539
50026190 56915171
29238781 81330927
4066540 41959774
54045629 92635529
66019486 84460829
45872521 59177768
32582341 82922975
8368045 86341074
28085734 82673357
11654627 30685877
80532 20610081
15676802 57567898
31304613 32261299
3076623 24839849
599676 57346377
49055061 77718095
58035592 82893299
15948461 47499506
58583802 79198610
15790863 20166893
53182568 83060269
14214284 75666113
22590280 27028398
2669804 88749320
16071458 62237780
78556605 88937257
19448369 34645876
14793210 57051144
35865394 99022863
11301066 67235509
16371328 16810399
24357532 50986317
28544018 59034113
70408688 92600052
8457422 35641540
53135996 97206744
26430361 29141810
19846459 82244209
33157545 33584073
51309470 66448676
6208728 35243186
44342328 71910196
55283959 64831762
13920765 69898916
23480440 74791322
36936102 73503829
32634701 91411360
53528069 56760434
20362230 27718584
87071878 93143478
67855968 81016520
75383363 93950775
21841519 97394702
14145122 20248800
9588812 45671172
31047469 64196807
32343139 67639259
17190768 76928414
65031372 96061513
59963192 82553644
85965452 96290495
44730437 63562367
31197630 45297965
42380573 78992367
7335948 55911882
1712189 54956660
52608658 94787587
72318602 86599575
31851687 37864811
43248906 46748078
43433053 73161328
40874889 79670942
92879139 98112584
23372248 93802040
16637665 80248641
13694681 93188483
12332044 16449783
22874779 66784628
88616700 95550801
35109673 92791650
4293395 85869861
26653330 55634705
35964930 52048050
12719790 22964427
94374836 99622075
20632346 98223840
22880072 51686283
6844834 81333363
22157375 55709037
62644394 99564456
5204097 81034082
35612078 37943745
53686980 60499006
19407899 93113068
65033561 70287926
18033736 34733205
33188677 70144738
44890332 99091869
19022302 56508727
17003628 45394004
67745834 91387088
23470922 27346629
57039832 99018121
72376518 98836575
45866934 49610470
17018439 84147355
6882280 13464412
17124555 70439959
24806388 93273544
12591300 61338293
23436871 91169568
19917398 59991462
55464419 72903734
5204970 29964051
51197341 51481004
16627622 39627297
27145122 27732318
32110656 39830895
33593128 48989603
12023164 84710389
92219776 99297243
19274071 51165320
38604376 83690898
58040519 59182435
29011920 70182405
55947063 58467577
5121103 29887078
26777281 65734519
43365445 62145050
12473537 13946083
24380770 86726245
14782704 90613650
67156322 68145150
36477297 88509457
43287200 94301035
2409310 51238402
3667512 63751415
16887913 61397537
29576348 44496511
1325998 27161300
48307071 89226979
30740432 58709069
93634509 99752753
50585803 51365971
73284983 92302868
53213039 53910819
76255828 84363072
10254604 35787478
8526504 45179137
34120290 92887080
13943988 48362906
46090162 46994791
35655049 71174466
25710363 62527712
38438372 47990777
44843253 82647712
10293422 12039412
56902641 82836590
47375505 99378923
3934390 64758887
44524130 65410015
45191889 98445847
29922342 83927035
23320544 62791288
19417115 81583742
31940552 57616034
38298419 98271383
58786442 97447276
40450386 53420615
4402368 64904875
58206150 72565590
21565236 35613010
70811883 94693466
4510889 32221764
22042523 71755557
22708963 68734960
71753874 90076165
5778946 66845628
22797688 37666650
185249 96830555
43424509 74483408
25725024 42880600
58788889 85473367
33735364 44397804
31042237 38135599
46627639 60053804
18664262 51325002
54739201 87721142
58302424 90157240
64575021 91493505
6021120 81044704
29845794 47555161
74333730 91265530
9647238 86767122
855095 52891314
35071495 84463657
53307101 82459487
5612690 97909042
29282605 42688518
13919077 72517385
71367944 80974501
6117382 85945124
58332633 95336841
49297507 78695002
24636478 90503734
33558278 75467658
14102073 78112501
10316454 55468475
64910660 89386754
17794683 84150268
9609225 98766820
25022268 46459688
41122296 56781390
44616043 53820739
31769031 73038320
50083444 58835562
79942276 97963176
26021005 98858901
62415678 85093654
24381533 95472070
14747817 62524681
42436538 86688614
74426590 83003017
7398045 56899801
21231140 85718496
2418024 21119730
24099802 55139382
33941827 90672646
15323006 88000325
44130364 83426225
38606933 45621097
34375071 43702456
43893502 53842062
75820707 89659156
70310516 70782892
76763604 80430098
15648720 94221411
51725934 89996793
33913981 94299378
11414981 67220990
31910134 84890413
34051450 50834711
54557099 63119644
9291116 72319239
33311496 90032405
21610381 56657374
24153100 27601255
62967819 66029614
55164433 70038916
2127517 72846390
36284022 84363675
13557107 44915885
4934359 73280846
14969269 31990089
51947046 88681653
79347930 85302795
43490874 70561534
32809792 40329075
24889451 59004380
27350522 94595745
6766841 91510193
4686657 27012111
37547526 41012968
72097565 77160859
14154428 46525135
38494985 72440191
3808108 56945907
2219292 59687970
6381026 9567211
14513681 66500768
64661824 78666322
76642921 82673428
62720997 72933687
28623959 37044290
7451167 81739183
30821798 99820028
3448111 42998182
94381253 95114093
27944025 80239393
70281572 89154698
8922184 17664809
21658645 45485607
5038512 66321433
17593297 93712907
27892482 69689945
32871570 57091007
10325378 21096848
43405162 53135858
17109441 52920044
19222575 79188349
10234295 95430681
8051928 34515653
51050353 56364490
79719346 86147070
14967614 86313156
35551709 45387589
67211398 79693078
27519099 28660372
22084932 62873423
16807491 79474796
5017193 82395569
43394030 74479153
77987084 98009351
28589097 78512309
38962445 93066523
10294185 77208402
34448197 70125504
64605399 76497610
34909305 70192269
35664946 70733203
3429370 22902708
50195171 64006334
33027531 58167657
12560552 77949940
47624356 86526715
36856221 56139462
22500384 65423888
76324513 78046200
44533063 85170281
14597204 45425100
1490446 92521242
1516777 89827401
46833513 62428822
49005417 60615655
73729964 84890416
84956478 94048670
9699000 18410985
16242934 82459023
1603157 87551460
44454485 87551195
15924473 90692092
28117595 73211358
25944013 93704024
19365680 62692299
50746022 71817081
52024902 60080712
9575645 42505065
1218623 50810418
66400742 87379710
52286346 57735179
32721143 49160701
58701820 79789734
7948539 14602118
25679943 57154047
7973609 65209789
20220963 49699458
12415829 38898060
3506398 75796445
60374678 74026454
36520202 43307833
29631513 78745918
49585611 88173692
16232893 37281727
21359469 93530184
20696231 97621966
62335701 98182499
25985891 78970882
58751256 73755819
34470200 93225739
13996133 93137378
31151816 85518406
18231096 90600219
33280810 84111807
21231144 82517265
21782567 63302322
2772370 54868803
23597396 30727758
44786342 80376216
30982908 72078510
90941607 97434844
4989401 71186097
13828327 21315661
35546728 62248231
9524416 83628724
24546086 88739146
26021861 40990100
71133555 80072194
19326349 90715941
68206850 89665511
2834815 97593830
5870595 86810347
31335068 96244755
14859598 32193179
44051971 80721901
51932452 55098669
6980770 22923119
32538829 84418889
3187005 48229398
18396508 37448596
7806634 76190636
70666087 91901503
27710950 76383974
2628739 19015634
19511721 70095661
64706925 97143529
44650876 62288676
66047165 78626972
24464834 92386838
26770217 76243590
82593402 95319048
3487128 11805750
19599068 69511625
20555844 92266995
32093693 43615093
62995531 63083141
91064389 98951047
33366674 77267870
47624224 95592286
52735278 83820709
5773155 85722459
23791149 77633164
21924246 90431220
1258709 1397710
41144633 75898291
6696774 79116269
39998919 53585127
60482 39683575
6188545 72635541
42873797 46345822
19624284 86030670
14498582 65896837
74457554 83597888
62070595 63244406
7732433 73572148
82020734 97425237
8030979 79633850
17756178 92070376
28268859 60300034
542170 65609326
5583044 40764700
9448431 52127483
95686643 97299255
57496147 78803985
25549207 42181403
63908508 79877544
77078588 96741273
40064036 48008640
13514848 27491768
33214796 65408769
21125045 38895912
25517365 51796624
62840666 66586764
17893298 60625279
6320029 80850284
18884464 79763082
23433100 87757394
76974596 98043756
77970083 84622964
24355036 80820114
19767538 67829166
67411238 77635019
55321873 68578962
79221540 81655355
59055046 87182320
25460471 60109518
1404556 24167379
50804606 89912651
15961323 34767622
13612092 81665880
29701028 90851656
2837390 16509923
20130527 64675863
14496540 74191641
16673232 29754963
47056956 57461280
32748972 35625094
42733972 55513733
10205281 43520138
63518313 63549603
26237741 65102742
19211149 33657690
18506725 26730177
3049780 79017878
87449481 98372801
46875414 61970009
46531421 80556298
3073411 30188981
10139780 29275254
21281797 69970075
57736122 68507851
34424336 91652522
623061 24552862
82387338 92479333
49774034 88192478
55855014 92207204
13075934 31299395
13897291 75462745
41842468 96125599
11681132 34782958
72498034 79765252
2076048 4741396
44644185 86876198
6625461 12509244
74208667 81345378
13557573 49261833
38946019 68288140
16718002 18699306
38393794 71556418
71270719 83922230
9621611 89623784
10056230 92559050
79641386 83762687
48767917 60636832
14572270 67277621
28751750 52174999
26666686 40666950
21291429 92557442
83159709 98529949
1694238 59386147
25263686 92088741
12791891 16475605
15837553 26909398
62559613 80978425
8829129 9357739
11326534 26552284
4935877 33974488
39948416 97137311
38669752 58884824
18722401 32170931
5417516 39978094
34635269 77315576
11979677 99802653
9050021 10228706
62926846 75274960
960096 83540710
48761343 74121141
8275576 44643146
15451891 27265858
5570199 17165973
33762541 54539312
15972560 92908205
24121602 57869333
6448072 9302081
71151078 75206930
36620365 61866822
28483807 81197703
70267614 71473047
16166366 85714273
84492819 91721866
3606681 86144098
56836468 80391475
53249609 75392927
41189305 44528721
10728091 94107809
9217046 12874007
59371759 73177642
6977690 82876181
54102810 72709440
36030645 36868888
36359886 99143712
76792089 91416600
60253389 88983512
46809002 72488335
39843029 69193696
22983561 69638157
43704880 52673681
35569449 86960786
48746095 86024318
30227459 87679163
37418787 85383499
51627244 69402772
31401934 57749093
70102768 74104445
15890083 56153808
58519090 64835243
37971341 71725061
38729943 59851222
17839128 28688376
13810524 65075586
70603960 98809917
77840541 87634880
14126860 15346121
27036004 59043712
45904258 88597361
15654635 80957903
74571726 95006563
3029216 28135011
56077501 67709629
37407403 60520279
11765416 39487646
42849441 92939755
44933347 57347699
70716596 91882231
23322763 70411273
61416453 81267601
67868250 96452299
67413568 91515875
26925453 81421517
6457196 38660317
61196575 79652541
59584321 92843268
29203340 97765583
18104205 18806871
2319399 15126691
11554576 92511346
21587354 25016033
32727005 40195652
14867435 66728533
20081249 88196605
57528188 82395466
58709368 97293707
60405560 67856999
46609373 48366906
37253619 53620580
77828499 96497947
24670798 68506733
86097154 98818528
37863257 70053894
5325910 78871996
23262182 23301564
91489825 92750051
58654838 85848799
43709973 68086164
7175923 13112298
4486770 84277672
16882889 45646044
26594799 42221092
77336318 88214327
19509051 71192021
46836123 54732131
56022262 62301533
2739695 8515180
4204741 76026231
713992 7890583
11387152 48322642
37727256 51217456
9143274 18443852
56664737 58388200
19650201 38342744
1773425 41044515
5048194 22264580
57435670 76642866
34013767 99146476
2603664 96446939
49726978 51906205
20886991 58787322
78421475 84954864
56699563 60091346
3249989 44833698
11268926 75061896
52247308 72953318
24033643 71207533
48954257 74608401
34385341 93416471
38644000 73367396
2306524 38029944
62437669 81202519
73421039 74124122
43166280 81651128
11293654 47628334
4700966 24756065
20058165 20326935
56839862 79817691
1796066 50920073
1492962 52243363
52681765 96858153
24830613 85511883
57448569 86515599
55229617 82927535
49965774 60319762
48429660 80882960
51255420 52481461
68429915 97571100
5627400 46667753
71697279 87866735
17459991 56757897
21430628 73596313
36194366 86648554
67234682 86565073
17913472 18232416
31392997 77109559
28234698 84276294
24434436 71801211
63865196 73178790
64016857 66022677
13363776 38976132
43537637 48488847
23762519 38670476
24293428 85648297
43896577 49950621
59718298 86564669
53190279 57585560
29783386 96867444
6785168 24090236
16724756 33494244
2705853 58857110
6865933 19201201
18340977 23359646
33495972 90035778
32622930 66194165
45583834 45707568
5074421 96615980
5304522 65069046
53327880 95645732
57620362 86005781
408651 81792640
4960985 48886386
1877046 10978593
9646635 76386552
24124371 29220241
13811661 93924860
43210785 93239059
64074922 79980952
48635993 75379440
13452350 67522408
6676069 59310885
43057242 52058646
5811615 62220864
19928276 93693799
7074728 52571722
10442638 55823873
46130556 48300731
59494485 69526105
8480652 75550261
30869027 82150483
3415950 92788381
11161270 28216546
12973704 77832381
5374138 63918648
23789863 73864752
25029681 25533569
58317225 97018191
5087032 68178161
10348249 82532406
7898583 86102047
30558327 72728910
10832032 58787414
41057889 61390761
8229910 21453009
23354184 27100635
27671640 47223583
11130255 19185169
90074379 94755919
80800360 86309313
47555378 57439659
24464529 84636451
11950325 75809607
59935869 61398813
73462038 85902586
18553120 97576494
8742667 95690201
45278369 60186794
51476651 65561411
57972481 91673749
62220266 92092024
47440116 90373731
18000470 88470245
15452559 85431890
38325128 72501088
29794523 84340782
42201342 69658089
37570606 48956677
26711986 36460895
4936000 30212414
20918459 21820181
6049607 33014887
64522507 67336246
38615590 39490602
9151744 75144544
9870147 53666338
73277097 96140053
27485833 49656884
20356288 79660518
27729517 51389738
44376374 67868376
93902911 98782367
67875905 78612161
15812586 31755767
5682187 13686809
31532645 75946882
22002952 85082313
68939788 92450577
5720187 89439932
16326459 42485980
48336838 49029032
39897036 94276244
22398814 64814224
28630732 41404084
13435179 38906032
23560342 53784368
41595861 84414960
11086943 48843072
6470511 21537559
50996047 63459057
9491976 91104253
94020519 95551917
34814586 70801345
29244032 46552079
57544430 84667617
31180097 87192925
14522897 55308384
2422409 76649479
50523399 93595085
76206453 80397587
47723835 83820325
47337455 52216273
24601130 63215720
70401018 73082626
45400968 71402738
4377396 19117292
1934517 72989785
34095611 50439069
12773633 83219149
61875204 79446519
25153324 33525350
14338939 90246038
49161101 82440120
6321907 92690006
61637272 72419952
28647295 30187969
46247250 99691025
40034552 98012957
37781526 74714961
37450482 72504177
9423913 83225476
66747793 98817239
5265681 76305360
38242729 50205757
19535671 67302566
27105821 54237198
34144103 58466856
36878755 76740803
914742 7225983
2845314 81542105
2974140 27370022
39580329 63123367
7844450 61780991
17457875 78049127
13054704 61850192
5307621 58903663
17511330 46949777
70780298 77671622
42002789 47062707
15621851 39868650
51235013 60237537
22165371 69272230
18220578 76228227
4013589 53087181
13690340 65793343
41340565 88978879
49483636 98902587
29605033 39029717
27331697 77674057
57421203 78602218
49448969 70413075
84725149 99751986
5218164 81121606
45730843 45741346
19164234 45155528
25782340 95059291
3465073 28159109
31348536 93179115
80179977 94194192
51877560 54532035
28146542 32353406
8029774 31340004
44754595 56853608
44309797 49614481
48375004 51223917
35249390 56837698
61328199 86230629
17062460 30311496
26355837 53125449
42202492 44132188
15347829 47017411
28138739 79814541
71718258 96053149
54315156 85720186
19664507 53287206
3598903 28490786
48830489 77399088
25656118 99385632
1816538 45054116
3544148 74578292
5163764 55912042
25413118 87956058
60063206 65397867
23613731 78560040
7074483 32379641
30941835 90171706
71242678 87789650
33388416 92645308
71404636 93996671
49830727 80982766
7264951 46654197
62276541 92219750
37716319 69423088
63247516 93369187
34571345 82827179
31109535 75163286
54243611 63477583
4494057 9055206
70411192 91694806
15630948 16891233
48672463 87523169
4998783 17484854
3297372 34735134
35532626 57516867
9746684 89669094
25888878 43301645
27665892 92012853
44754812 72701852
17384432 30796870
45842566 76119340
19001831 63689888
11506336 43547033
7068122 44372151
43146800 81153983
3530122 29224154
48509528 54678753
59343454 93744108
16212732 33581193
50307734 82711130
36367590 41333977
26670662 80180405
26065663 95703559
9445354 10220839
55078711 68234722
38159185 80174256
28310217 75217244
8092681 68073144
37280771 87176600
46277906 65737949
31915456 93457436
11344268 75443414
33802643 49518767
59869721 93867481
17116195 67282727
91775597 91790790
36943473 51055694
59858116 98732131
29802914 77030091
22241757 55003689
36969468 59399901
60607912 75397352
53719788 77103908
45580827 96083330
93359076 95932426
48998316 77425042
16485883 63009109
12186552 30276957
72234331 89980671
19523097 59983783
12310273 21837804
12020555 85457752
27135528 49835336
34713050 78144853
4060599 17010956
52497727 72379327
5388238 63254015
14770937 61721544
72722497 83633919
74227098 92653432
1834458 71549512
18266155 51902008
54707107 83663547
23226397 89939750
21619300 54994089
57708538 68516331
81654348 97410877
51874444 69287675
32570057 88907028
14684865 47548353
10914645 74344936
32781001 58700809
25445294 47548751
25145739 76865324
19369441 66327637
16124145 87051718
9437238 96744128
69545693 84022653
11030920 69470444
3664696 83522132
12423304 49125584
43494085 80657275
5452738 64920031
80305733 93176737
44501422 79167725
1730323 60305393
45892824 52649847
47358052 87551362
54577403 88975867
54672346 90985555
49177929 52611957
7885117 18290241
8972283 85191739
59625028 67835816
55952598 91074104
12158764 71960268
34274700 85778203
7378993 74748587
10676552 73062430
4699040 59154079
16348729 74451196
4737713 72906089
9548874 50514467
55882820 89344974
7998731 85119483
42620536 78621473
44759689 89810906
933762 26312786
12179528 22707980
47592039 63213018
27716217 31093325
22761870 38122535
11871348 78786969
62071148 77386256
50921870 51163030
30785491 71402899
15679767 59334707
14055746 36888424
10371742 81300604
77450036 97040319
21587201 53110638
39438313 99037963
70934997 72172459
28615750 78300892
80467841 85075436
1196713 61382851
12930269 22433521
45942665 65522808
25990247 27245414
49318660 74808272
35063159 57830764
13971726 50692487
18435945 66443475
27867393 96907752
8200088 10371757
32075372 48885684
44455690 96202293
43017721 69048874
77559798 82876151
9553026 32820961
10838305 49746804
60163578 84340828
12913730 78453941
7777263 18651126
17059410 98719269
34488936 66590456
31294877 76752015
12355658 91489958
19635340 23631942
27818511 78091464
17017933 18014394
5703890 66253482
62028477 84869113
20565244 99699522
27847824 50024022
38229505 54679126
50942161 84003519
58754650 80859317
46327640 53847353
39540417 52656077
5769825 13390415
42287550 52041336
28268108 98148396
70652621 96750581
5542060 49716205
10054693 25837126
57909115 93914410
85986636 97187685
37855480 81254860
60088556 65596001
67815777 92055046
23503639 40171321
43635821 47001948
13628614 31135113
16793244 22016249
7624912 52877695
1105595 79673952
40109844 57447533
43155374 96404597
63947999 67170664
18930937 71308709
23611258 74213228
19749917 62933139
9222200 13617101
6078745 26268632
21217631 82111393
57518259 70638029
14854870 28807968
62780306 94834815
61742535 75595831
60442085 92278187
87743025 90750899
80102634 82270177
91723493 91828800
65345718 92369249
66461953 67621607
58426451 74201608
74215339 83568471
74318039 97274695
36192743 93763062
14157530 98619168
4032871 69716116
54750024 66484838
12895688 74238397
15339864 59710402
61854315 91036976
72706132 86638617
55645482 81117760
26442025 33682101
32072291 32726550
6429840 71287920
6185921 26634776
9225286 42858708
36204826 41839614
39657391 48124066
52855036 56001221
8425812 54023265
39534033 98272171
47962056 61593403
5098007 24370216
69818961 96272701
64260248 74520966
18485035 78905079
28482057 55013792
7846761 32305675
70757163 96258028
49046205 66157834
67068754 80497995
38870762 91239022
34782059 65861561
41635380 59967514
6966881 28663988
50099546 92601610
9053787 43037611
9753041 69999727
64072530 76800156
3095309 95933052
26195442 47271001
19897009 41282063
8211186 88588032
36741078 81822269
25030197 69714000
16651220 31163326
37173819 59184578
13578772 59252620
44069003 57731857
9662666 23042319
23973574 34383735
56171383 80427581
12719042 90579775
2773341 11789394
1065496 12445856
60605662 80966805
63144194 97263023
7461754 60525046
50710220 78424376
68793103 86082465
24962882 61988058
77592671 86591021
14463802 99801812
22413768 35220427
21277047 92256602
5389763 67436660
60802242 89954746
20973837 44401979
69854747 72911767
54781298 77855012
4954416 21514241
22249654 38574287
16661159 55927837
27561413 65258605
22128491 78563354
10279840 34681461
4372381 95280438
36432820 72356726
72536521 94276863
66000207 78100138
8489228 10806201
37870685 89465509
25692513 74726798
25504016 71965464
24210005 98858154
29688559 31922677
14518013 19061481
16067682 98197838
8293023 14004713
1696741 97579701
4696899 75919071
22189220 84903639
20228358 58410843
35799619 43600971
34296919 41016346
61635374 86367170
23160591 74338165
48252306 70961630
53660663 67534268
14503219 44987901
2516185 41558294
75223805 92087968
23288778 49732690
17071049 69501433
67999570 71448570
26100024 98406448
46930597 84706233
6141361 15680319
64713182 88654395
90432947 91433726
55548720 59568870
48075132 69254611
37446913 53241940
64133044 73157753
53723682 87607270
22120836 53253797
67491342 94576346
10980543 41334587
46578632 49869721
66487651 96036732
55467019 56111105
48729737 99981572
44124456 55780712
10458057 36800960
53568868 60313006
25185619 42706257
4667243 71491789
46251532 65408851
3763542 42244177
31563910 96031127
14734335 69053905
70486865 76351204
22686581 23992721
59691172 95797687
13752739 73063770
14674215 23197573
65889537 78833428
66080278 96268823
41117778 68854522
22450290 42549539
44183085 45013378
16928160 60252653
27241759 50820621
9323767 49043043
4512492 71387696
27543804 68021406
11201119 72687589
64250675 84279580
60990703 89942380
24517303 60404052
61996535 98897138
38477446 47412097
10208415 79067796
93286388 93571944
44651001 60257388
41979180 77291372
27913294 33065047
44019863 65500058
38770068 68534910
37220477 89866554
31006996 89970073
35803630 54220450
74789654 74795281
61665731 76846973
83380205 98988456
54673680 87106710
43342693 74174140
1663820 90430873
32160029 33911182
34207278 95927210
44293703 78014387
61479899 90725628
42984210 64400408
8639126 45375127
43306545 72250170
40599913 75308820
27841826 30140174
16005853 96802756
42804465 61154646
67082741 96477884
45003264 78096238
51515974 85222328
21724039 42448043
41501689 72409663
24254406 37680557
10146802 67787304
37386477 70753603
24332451 92719496
42067696 74169846
34861507 65041777
44805184 52693508
77538136 92451782
33703538 87440265
40217505 97000719
12464468 62034556
54240473 80644612
32269091 88019930
8534861 18522683
14554212 68537888
22068090 88826213
60500865 88560389
48496859 82613184
62848978 75338790
33319098 89055212
83888027 96761482
21517277 63775952
45343537 85330728
61068208 92900363
32546378 72774319
63564562 80932043
37605502 79669470
51325373 88076477
10380254 22977816
41213452 80582876
4976836 78865258
2915279 86090184
23265283 26455801
2998382 20271755
92448525 94878943
52975955 74274593
57636626 99403831
4547609 45902313
64858481 80137229
32577778 58815558
13554035 55723412
4588237 89387954
30011451 46719969
15113194 25774455
1868614 56507614
36974320 89196295
13985901 85862042
48241746 51301860
44803889 60357265
38792614 90279243
17715477 86283453
33606838 44618036
23438532 66156878
58279341 62189194
10960075 20754567
17998744 66259612
64219710 72570402
16818507 59758853
87697690 88955316
26620433 33196220
84592586 92588578
40987756 41027494
60479844 73972608
13600925 57131785
81914745 91721355
55004835 81868262
23250646 49094267
17254542 61221257
4744715 92037427
21377140 74779338
61331575 70359301
24983228 46993174
17419821 90897456
59349441 99676867
10128300 25995740
62793668 91376605
57844309 66647148
38683186 71305213
18171156 25807611
13230119 95715262
10007827 65010889
35332165 62117944
65177754 73850186
1488213 98517408
47815234 60271392
46157820 53781354
5118207 83342154
21931903 91408562
71161322 91377666
18413178 53951497
1862005 31309562
20521288 23586171
43105802 51494000
19957415 79632675
45346219 60015863
6674115 24965957
43951573 79462556
23599323 71687087
19325639 73383471
74970842 99084944
49408037 98122003
19359025 83128015
14157570 85564977
17453771 82213452
55297235 80146879
46687495 51413668
56846393 82567482
22840533 78765443
63206605 63457305
59005632 86117529
7308182 46244432
76202377 83168572
58340008 74849400
44583914 59518741
18705809 68810385
11357234 42534371
46506081 84239114
47492102 95413689
34731043 53935761
8411194 89094810
252683 85458017
24449460 67073782
84490841 93217030
23386116 50099248
52350999 55507300
8484048 18354195
22202403 86055391
48090712 49237494
36663718 93107085
12883840 68756524
18050223 93023442
16472053 54845683
5259998 10910091
17329423 97719128
2966024 50071296
84083296 99311974
73838518 84480311
32444212 33760449
48991027 93374189
6721173 62534815
60265823 97077718
7796087 77746322
37949551 56759205
12581065 97954533
35548978 71302102
33510262 69804163
20682793 93350673
19601796 88333599
40001282 79340223
87495339 96088258
87626576 96266971
10481017 92687361
30987138 60164226
40501461 63061377
69269443 95250464
22847556 94577951
29741416 48953149
24473341 97195965
20269683 99380365
50074404 85786515
36603810 50737840
17815920 40225186
67511316 85972143
14298454 16497017
6825255 87606737
55111832 83969223
55954697 78671999
40913020 74250853
60799091 93429081
33146633 77482125
77029940 82635562
23926889 36234635
12910721 59517653
25365065 97876407
70556934 72669425
6449223 27986339
12497667 27534677
73717641 80232467
79254830 90236128
57130426 99551037
20248266 63559132
41722520 77249065
27528653 91532553
6912976 27492818
48504710 76660446
23325969 37385167
17390172 32152583
38619738 41513856
51630954 81074832
37773125 62002997
51850167 81556583
49134430 85707044
40203402 64819913
1677669 33969854
582446 18804462
48521096 54330107
51985804 89140402
13139137 69903852
19255217 74031087
38073173 46643117
73592996 94323136
87090183 90064358
85536568 97220351
51931041 90292398
54102691 75336689
17333553 40038796
17970449 78632713
47276640 66167552
8534419 87995130
79047417 89528406
28230994 47910846
84908901 99259372
49504122 60129640
80107143 92240277
32402517 68272513
32464689 99958679
47788792 95893692
62558784 86140715
1414182 88345965
41963079 75092203
5736089 67547011
73093866 93394890
27026551 27163530
73516508 88816254
49845708 69585506
41396054 71682490
47186250 72429974
11248591 56768555
22395297 71732804
8921339 87221423
76517698 98004833
11543610 92838407
8530587 91351884
2883562 65492516
56058523 70696893
23443787 29386460
50196130 80972695
39294849 63465159
32139637 67915258
20840915 87368587
61308742 89379111
54525962 56354321
63981918 83137886
61023922 92084193
14290311 70452435
22278048 30755967
13661774 21781284
7977418 28388057
64914851 64929222
61437947 92720957
5312572 76429412
38950422 88990933
37297299 69247193
20085212 73487790
35288085 59754409
29208775 93844716
1960515 82445167
50967549 62325480
49108515 62245896
6729780 18645843
22612782 51975489
96917212 98206759
20464370 35489982
53509829 70461488
127002 32501755
74364066 85683409
36377808 65331222
56430773 63259167
857304 93426995
16981478 34213257
65984847 79927745
9291162 67600042
2384923 63704417
23662182 46178027
16791508 57134942
55896725 80534016
48208900 56176755
29723073 71459501
2621951 7804635
5164958 24368221
35714602 71792803
65277529 89231339
7163748 9720387
397095 12241973
67739929 88786318
38567928 47757370
64173738 78188418
60393732 68942654
28638408 31494146
59097712 88911412
56954395 82817270
19463400 88332765
58765299 61477100
28215459 39878672
6900337 62075735
31064981 65934159
65621998 73571304
55768809 81670484
71382583 78762132
35484334 70959782
16809751 79985833
45282206 98081391
28115986 71896572
78611016 95691395
26942477 88202523
64313739 93238309
10120604 92066222
6713429 45247254
17579772 33210597
322007 99166722
11010091 48285287
62207032 99145476
58021825 59179385
19101937 58989692
62816047 83516200
33260805 84196510
13343762 69847100
39946877 58823531
21696410 54540922
8013459 29401214
20132213 61520400
33547562 97890458
37647742 83296863
2200309 98256020
19576761 69291303
8427263 9244596
15510173 19253605
28266129 63980666
56553800 76172158
5323450 16598910
21396320 36660625
17133024 78105930
2850945 49264559
32299934 41279267
8762875 13084915
39503003 73579041
7788012 43009321
3447443 79486769
6455195 35808951
21736040 57045697
12230140 96458862
23218200 77831721
41440834 78549092
68461572 89529874
20466318 29466947
24611680 40137193
6165419 6173281
13983379 86178853
21976491 53310412
12952389 32229088
9104589 60149562
16353219 86673524
21406896 83723750
71558831 76478150
64463101 72082606
52644713 69007883
13691607 87281663
17371215 23876504
79635700 92459203
2405266 41859745
77629787 80330939
69349107 73118538
25799023 56006615
38440904 71136896
15283855 30033400
30892924 48521187
15230803 23309040
17861447 51613241
71579871 87930182
24748256 59949867
5702281 86583155
30348494 88981715
48893174 63163632
30090055 80302663
42719638 83797535
42450364 54598862
3120809 75248307
48157793 81543852
7210361 49203487
1815960 52462150
770095 43279092
10426765 16050464
85946246 91972838
6697129 69923094
21460136 86201855
24635788 37809350
16136185 45031150
88988747 97949328
45715080 74684334
45305638 94810454
8810428 18801303
9920760 17585083
55515594 59092257
52597122 68019672
58318213 89808150
2620717 11148404
33118538 63514737
9650817 99984450
19241786 39326573
40707347 61204147
41604936 75591291
36965426 87198215
18701907 41149004
40704814 93007320
53936245 83028017
9351627 54516424
4790404 10382945
5969274 98825793
13233546 42718503
19749938 27825645
26377243 53626297
67086095 91755222
1761435 49903182
6385306 12410508
24571949 30925434
60835758 93429092
36554715 56457171
9012801 11096551
35027372 87402628
54516393 59853691
16361401 28677754
31253578 44942601
67179876 99969923
77211550 90282288
39736100 91958463
2704815 62968755
66163456 97239450
42581672 86930352
61664156 95123107
57087246 72511869
62289069 92051871
43259038 45057104
67262274 99454651
15092350 48303487
51497836 73987116
49433945 97647346
9088683 39578371
31552132 54177351
37392421 64486661
20163620 51974117
7689725 77023128
13177990 32961646
42388140 78513229
33677231 38619065
31773240 94291667
58305913 61543457
12473611 62212736
10333460 29223408
5391235 70507153
63508111 88878087
24161093 66070241
15427005 31143176
13751389 37679657
35083101 93420788
16861134 42054750
30896396 49400703
5092622 64862369
19910153 52366530
39498987 81064784
63036387 73818874
33042570 51252923
72001376 88531092
78274713 82375233
24029632 83622200
20885734 21030345
33300818 53994230
7036350 7433808
9096313 66720864
62983488 75764505
81454752 92445448
62074929 91474492
61741708 76365735
10810051 23672637
40444668 94469039
83214125 96343157
60475047 73457228
44322283 68449415
3856750 97470789
2014880 5518634
24761091 48835348
43818324 71261433
34362787 90706324
11454680 14892133
7013033 18069927
31157302 90471905
781619 2077074
15236848 22912930
6993840 24206443
3209274 69146342
15844273 86687206
10441735 83353403
53756247 75085472
70151152 82825074
31157596 98745901
26208840 72058545
68186710 77930863
39050113 89961239
72766926 90623433
44684738 57943553
5480033 52458885
83479555 94070488
22534041 85226638
40848100 62348502
40914386 73352444
8964665 88815779
3395861 65379187
73781131 93258400
23474398 36324272
28924190 85076799
96415354 97103018
2232212 92167542
24661182 30141903
44910138 56212631
20848930 59384630
63086434 81194373
34389991 86344966
15019231 93189523
47982037 60746551
82103535 96078478
22388892 92972699
39541886 57112007
14882451 97565517
79677164 81881729
45156236 71596589
7398767 91896749
31603954 62709617
46446571 85355915
2840873 83855781
20841999 36624673
33782617 76243435
5215286 75474857
42501118 82869233
47691667 65427101
37725857 55229362
22850240 72755300
27257840 96990296
43163871 64060529
18801441 86360797
75493791 75592208
360207 49630912
31013389 72462868
68602198 71159193
32664350 68246800
62010985 88877613
34140793 80889223
69905167 88500926
29318341 47798679
15233587 52642787
21125856 91555693
2586142 23670322
43577381 44079350
39889768 56654754
7640172 87302425
2135105 33613472
64597206 77879916
198417 15180063
23873390 77414355
18894890 47921481
78436612 93303099
59989312 96399274
37501639 97974358
48592374 56324719
14601450 53282561
52427151 88125789
27893849 70184302
14388046 62808873
24878396 64648694
8366623 10140344
13145957 17763774
78416277 94741126
1580794 38877532
20402339 79926540
40904804 72143879
49906148 60500793
295766 12767351
7427729 86228090
3513035 40590185
31620562 68252454
41697062 49565083
48550380 99485781
92920589 99958582
46979002 83062318
40199764 67175144
41988082 96002733
31828805 63109843
48602263 64416754
2561471 18326915
48723762 53333452
71659668 85653274
6130597 54966488
48648604 74025955
59228826 99931162
62701875 98104845
17328768 99561151
27189184 33951045
66273510 87655628
36400169 43628823
49173139 90402128
28957510 75706070
59255866 79854974
2386340 48748129
33187912 36941198
68650807 82365759
77555 82256125
28852590 66046242
37407180 41048620
12761118 34400048
16191743 56758690
51498544 55439717
28926418 46609466
36725831 91186265
11131300 44702246
35526336 88040730
71190946 95361683
61989498 72260966
7854503 56230405
76772626 84581259
2580049 48864046
1803795 71091781
56023084 85656090
29460301 92658135
23993206 41507073
12898836 59748998
53843937 74044398
11090040 29381667
35978699 74750553
62422 99131697
37859582 78752938
23157233 66712254
46867044 75079293
32374401 85576251
85206632 85486041
57313013 60821007
8468030 69419589
1825680 64259970
45617291 99725658
25381135 75119291
3742885 57138336
14195644 36886321
25541107 51751101
80327537 96342313
7048579 14666633
28781484 81176769
8164849 63354700
38811906 86110490
71672490 83819801
22727252 34999949
26241817 61133378
734013 82364777
10350595 86085977
9158892 31930481
36471801 89163891
68757567 90782038
92624547 92662249
13972705 15786042
389618 28896868
48981711 78733214
25803819 49571206
52200845 54100591
25809074 31704734
55372891 90026163
45121597 93469408
48330871 72374700
8713949 66849101
23632274 64318733
10055252 65841420
78954271 84354369
12857003 20347058
26337381 32424597
19439711 95926969
80799048 88090058
67247374 79167318
52180153 76447925
17813529 88771313
78479844 99745894
25901848 39848905
823405 25522619
4278183 44910696
3982118 22699842
38845520 78073133
24136007 58436853
40079221 94608332
93107419 97984208
48873710 82893372
10024510 40292788
2023037 55629658
46068341 90754958
6037492 71833486
41393760 96005606
55504462 78748126
68757471 69849257
16323971 42267831
21829994 96441104
460849 81477709
9463985 94561254
41795962 67035271
29492813 86770114
25443443 87248520
90725132 93712559
30011480 82473987
51624413 76806619
67558323 86336906
48755329 51370945
30371860 31385643
63140470 66590382
21812000 38033822
22802640 72105777
14670175 32399504
38556006 87616984
51906060 91510776
44777420 52911667
28095277 36247337
41025389 95095990
8634536 57614346
15991398 85845618
59555028 66049530
59246215 62633797
61748889 71688072
10950838 30995275
57096882 71558784
48272380 91915956
75597973 91026993
30346968 91943367
29075328 86709404
69369664 83138524
29565539 63335401
36395693 91489042
8420498 73478515
18827040 68752864
27854792 44745171
2344631 46598635
19844948 58179625
23593295 23729657
8584661 52536860
10717253 74438411
76696323 79249075
7889517 85388197
52528942 75265635
26610487 54720048
5719769 76617239
9473007 52910783
28103232 81103371
28405563 83761106
