500 124401
8 526
331 557
869 954
148 211
168 716
75 306
886 922
522 933
352 623
183 400
319 877
655 917
292 506
395 550
662 807
294 441
599 776
627 899
38 533
202 403
660 773
608 693
71 769
295 858
73 446
333 427
330 786
113 780
443 463
619 816
400 925
5 681
436 548
351 995
249 862
365 805
382 988
863 903
266 984
851 860
523 726
683 871
12 895
269 694
35 640
503 828
152 181
898 923
691 713
112 373
244 878
770 828
102 758
39 421
202 816
177 385
396 594
76 123
491 496
37 131
168 419
12 854
16 710
326 857
782 980
747 769
388 986
383 886
137 205
412 774
405 432
703 993
794 969
103 788
462 545
171 205
348 604
181 528
126 687
143 706
677 719
13 474
300 886
129 189
769 889
401 856
139 346
175 475
430 713
705 870
127 451
17 133
32 154
715 866
240 321
534 537
307 766
464 765
538 691
326 671
210 657
76 382
289 425
57 446
437 914
464 687
136 811
870 929
16 526
513 790
313 742
416 474
200 494
537 945
391 523
421 904
226 628
57 625
376 571
354 621
510 802
87 304
823 863
119 498
224 919
864 877
615 831
608 800
42 178
809 844
347 428
308 741
126 253
336 920
605 943
380 481
201 867
520 895
32 795
6 498
128 157
111 178
510 570
426 833
490 554
75 376
430 478
366 997
494 592
103 321
237 809
3 404
523 540
185 778
517 723
403 876
135 805
323 814
545 916
681 730
460 986
616 783
249 470
170 823
265 892
842 938
602 923
118 790
277 984
309 989
46 187
134 655
97 559
404 546
314 412
568 871
278 775
8 901
181 575
506 602
743 981
151 307
580 936
16 65
342 818
809 835
668 750
606 742
141 904
170 625
85 727
56 506
820 933
267 372
385 547
294 559
268 900
646 888
457 632
452 907
197 897
17 276
389 769
467 535
119 973
378 415
147 365
547 923
580 875
291 334
673 908
181 675
140 864
94 800
461 483
169 957
553 568
408 567
562 764
321 451
689 988
95 651
978 985
664 696
464 779
434 712
644 818
92 874
523 845
0 450
329 842
405 746
760 855
200 645
87 598
124 726
763 842
394 808
195 576
33 428
465 672
385 550
241 554
360 404
597 722
154 712
173 549
410 433
4 502
609 726
68 811
455 808
720 969
464 715
491 962
387 414
40 80
122 414
695 713
449 925
187 738
2 701
216 356
432 527
559 996
365 874
467 675
402 504
691 813
293 627
410 831
112 847
402 673
711 806
335 525
305 351
31 109
391 636
345 709
570 865
679 746
291 429
438 821
401 878
929 960
43 473
302 404
543 912
38 115
366 463
749 769
83 123
86 209
40 508
111 628
540 643
305 653
184 712
497 782
130 358
348 921
34 758
808 815
204 981
281 671
558 916
340 512
138 183
299 878
376 412
229 582
414 448
751 920
678 861
260 402
14 191
354 384
1 856
203 318
466 499
355 457
271 372
748 847
261 321
475 696
537 641
99 562
678 988
76 163
750 912
50 597
178 951
190 875
443 690
117 995
212 728
327 798
783 995
63 228
712 829
133 233
136 672
467 587
13 540
720 916
89 578
832 867
285 965
159 412
335 884
779 984
679 859
248 872
187 272
116 490
277 959
164 482
206 626
377 400
255 722
21 990
26 683
201 717
855 911
128 412
562 651
221 697
714 881
222 328
468 810
128 143
16 318
490 613
540 971
193 952
432 980
172 521
185 510
260 311
553 684
853 910
21 720
408 862
214 409
70 434
626 918
493 612
320 994
92 671
719 886
114 305
558 583
98 853
312 550
279 714
130 180
657 960
92 807
6 26
491 527
189 239
452 887
475 546
460 968
166 748
35 562
47 721
298 315
197 300
261 507
523 985
156 988
613 797
58 903
458 735
678 811
330 412
360 514
332 790
427 733
504 749
433 839
796 820
295 335
28 59
332 564
529 807
349 567
387 645
337 824
19 689
674 810
261 443
233 857
317 359
369 986
367 485
140 653
391 698
128 521
329 651
291 309
471 588
262 496
572 802
787 807
498 970
569 964
555 605
137 317
395 705
131 580
471 794
482 677
563 824
753 960
827 846
869 876
848 897
391 953
130 830
129 161
311 540
325 960
64 687
699 724
586 696
818 853
254 309
606 901
501 922
184 675
589 674
37 718
696 842
61 895
461 862
206 686
109 583
127 153
680 708
510 987
268 648
188 834
103 740
487 935
189 343
282 548
356 370
672 878
722 836
725 913
719 809
261 796
131 393
493 671
314 906
253 872
577 780
649 806
