4000 3104367377
8064679 9424182
2541013 6026540
3299197 3622310
3547836 9097172
857123 5083109
2541130 6082372
404357 8573266
1699031 2624621
1464575 7385947
2581646 6324768
2109051 2396487
4299391 4338314
285477 8617162
2934835 6171317
6235136 8041610
2270800 2622686
1995399 4890258
48512 1807499
7097951 9426147
562874 3868308
2746763 9370785
2349746 5426025
1249299 2105707
2550693 8022844
1461292 3487826
649049 4771577
222943 9369380
4626500 5657803
6259821 9829251
5684541 8503139
6862407 8631390
1134666 8514709
5407230 5914257
1628418 8375513
5285691 8044483
1984853 8395290
4970187 5026200
1529476 4726432
915156 9555342
1853325 7962682
8202743 9687810
3663817 5343287
6201434 6785746
2762248 3063218
4363710 6969199
6581809 7802152
1350828 2493572
65986 6488942
7810384 9725407
7203533 8981758
5086156 5721681
2330548 7573866
285956 9010694
1637271 4546368
1442543 1801398
2606901 7618000
4806658 9122437
1368747 9721595
4790644 9103769
5188809 7054492
1032706 6025141
2275335 8886523
2328084 5039155
1003831 5301145
6542093 7206983
1742769 4332815
2058425 2222390
2730240 9031669
2754424 3438201
3622398 6178806
6525078 8174449
347413 3574907
2769886 4089808
5269535 9422905
1155968 8276807
1075911 7228179
480094 2113201
2907304 5894067
8638096 9871668
500840 7325493
5812687 5842452
2662150 8085798
4553662 8383328
2104744 3254782
702728 6269550
2691100 6124650
2529011 7026632
2202236 7240144
1089328 3047993
6275525 6986060
4810688 5343099
3528260 3778306
3036285 5340421
3014130 6458378
233054 8747094
1851558 8840898
4383682 6461916
657777 8362596
2432338 7556595
7178481 8463587
2230531 9843604
2892113 9678095
3367580 9831821
2992604 6699361
4861857 6435878
1632883 9482047
6347642 7326082
2189743 9318156
2112031 8714141
346766 4010597
1291623 4255817
6612275 7903674
1475576 7795579
4478737 9902387
4297294 7256489
5145751 8354695
5782323 9510784
4103014 9972422
311214 6063631
4904821 7559825
1176922 4954275
1155541 4456023
5451984 8003970
4733845 6393407
2027551 8477832
4338805 7642319
521395 9725357
969637 1537667
2490907 7355542
50180 8964052
326940 4577382
7083215 7212228
1499984 8682950
958769 3763556
5303571 8960750
1099242 1310490
6639791 7536895
1941280 6081604
4593456 8244508
4174040 4962629
7553623 9536077
300576 4603775
174939 9734275
6750067 7572968
2576694 8692971
2501050 4349458
761338 9535885
7070161 9236815
65457 188667
966366 4364038
4438984 7856596
915088 6166831
5896125 9896522
2668956 5419653
1781261 9230685
6168840 9857527
1795586 8751348
6393579 9488631
4294891 9934226
1743013 7186675
1804063 8232210
734345 4069977
209785 7600958
5855628 8112930
3179505 5717792
1121988 1985457
9610639 9941196
941649 2839916
7317855 8141737
6629008 8886321
6244603 9859694
8312062 9771524
3803927 4593696
9764282 9824735
911830 9463433
1748931 5798635
1258072 6696360
1321391 7925110
5297271 6854089
6977421 8928316
2971190 8916326
711470 8498735
4402821 7724226
1852491 3961616
5337808 7295754
6271908 8755659
8031495 8077558
146589 6560772
2674312 8887515
3768257 4247328
274900 3304552
1958912 9852586
4671422 6973889
3296143 4947009
2540562 7048914
1434495 8013559
4457333 6886311
1251249 7839638
851491 6169787
3383181 9771872
381918 3070302
2466508 8482431
2224778 3861582
4675119 5983408
3137814 7701263
3226009 7481135
769324 3081178
3543146 3817628
5783734 7010713
4262437 7552209
7679812 7882031
4083171 4459396
6364377 7988631
1221093 6642495
3621623 7731352
6062723 8812682
9573548 9852612
3630107 8258866
5328788 7439939
204298 6657393
3820570 9503031
398819 7405644
3599301 9482366
5446594 5554479
4085110 4221725
1275576 4810531
1262727 5600489
7880298 9411795
979348 9273151
1525367 3624493
441888 7151416
5679289 9783822
7064874 9469138
940632 1071546
2409578 7077060
6803142 7758370
6280590 8618952
5477395 9683775
2961137 3967669
2079419 3722519
906542 4905867
540051 8322577
1374825 4350693
3501539 9759544
4721605 8346555
3768805 7684668
3553256 6900362
3023439 9011112
1853915 5701281
6602066 8615916
5106675 6936183
3060970 8636791
3568275 6737590
2977984 7416411
2970481 3168200
7812663 9544530
1305045 6895787
3216866 9760427
2493418 5820120
1912633 7717536
494579 5178726
1369747 3587414
422236 9455308
832222 4380708
2028771 6796115
2732009 4794778
1385585 2103830
5130058 6913757
2728410 7600312
2418071 2453515
3144703 8718736
5128664 6552479
1264353 1590758
1197404 9616836
3928167 8375940
844360 2085020
3563047 9873109
7567716 8744901
263215 6491296
2204023 4083000
1426592 5481260
632103 6414704
2592185 2731161
2875656 8169550
6459366 7835135
2938785 4423014
4350472 9276785
3935448 6283418
1716191 4481279
1199446 2025612
401647 929710
4371891 7015290
65321 8716648
910181 5332786
5904196 8977302
345667 8014069
1305363 7013449
3933864 7629649
6714733 9772774
913820 9415312
783862 2367553
4335912 9966516
1556705 9759087
610126 4027973
1660556 4551197
3111618 5829266
3842182 9631536
1201211 7993539
132970 9044394
5131169 8343349
2546476 6431099
6941890 7354533
6306501 7501395
1819975 6176596
4467023 9098926
830163 3916401
8744746 9833724
4632812 7964858
3629130 5720102
906182 1076455
8421812 9572577
413695 6392738
174735 1785190
1593354 8287733
1316147 9856661
6269600 9710201
7522608 9779536
833767 5096069
5171681 6620648
2553 9915277
7077883 8664910
3128850 7955872
4556260 7623887
4002622 6604851
1650399 8447153
1196545 9533245
135390 7217926
1168878 2609692
820310 8335543
5022127 8058948
6687916 9678075
3678863 9146716
5768261 6689187
2521614 2814309
6611792 9652754
7560517 8276967
4319190 5500714
1937247 5037451
153084 9913980
4521952 5305759
2691363 6185989
909289 5536215
205775 4067293
7389044 9400628
4061056 6342571
5576026 7896918
7028952 9788299
4018683 8078385
1422637 4698401
6240754 9260825
3657091 7098093
1181426 5756265
1101881 3097847
2376181 3283657
2658236 6188443
2436152 4096316
6097496 8303578
877796 3351152
1906830 4871165
5321079 5684180
5353507 9212317
5589705 5925800
3271961 7484772
4429933 8438785
1101725 6538333
3047248 3870579
2568579 5651774
5077948 9727605
1732130 6866856
4825786 6866679
47574 5303095
171133 588800
317527 3699424
2672056 4090101
1424856 3263245
3863491 7439939
2214261 8127268
2635562 5039029
1587517 2824790
5365340 8461126
6000161 8698778
8471438 8518716
6919511 9781444
5023847 5960643
2015839 3642643
7959707 8360528
2069245 6133723
2229526 9055250
6062066 6854833
1607092 9356378
1113487 6529214
2658569 6458068
4634662 9180838
3050207 9983614
11391 4466609
2553434 3677846
7320909 7818819
7914312 8962245
1423865 1781626
5766640 8730287
3204364 6270965
3281398 6549393
4452372 5512995
3566800 7485416
5185933 5670717
5229703 6227617
682924 7704016
5813217 9670798
3901282 8718679
9712693 9932697
1556049 2838933
2099361 4079696
8892136 9964531
1610691 8287025
4566746 7233980
8131667 9566517
8894607 9836421
3302120 5169967
5752932 7475896
8959436 9213129
695369 5718284
4958781 9484903
6701016 8718053
530680 9341570
2189764 9647738
6700372 7295545
3022119 7650045
4413442 7186049
4477690 5538064
286572 8307216
5916732 8379932
779342 8268042
8787772 9596861
3449854 4344794
1885089 9639446
7418125 8218390
3654309 8586469
2037387 8896411
3026343 7607751
8739054 9249703
2164387 7178190
955711 9118671
731071 1123759
2674257 7197913
435608 6077357
4356054 7632967
602276 9395439
3945463 9927617
4799658 8412600
4530564 6205766
1011709 9824744
4188440 8301260
172262 8657979
4406346 4505419
6040951 8603669
1284279 3649785
513530 1183998
5938686 6474252
2559303 6596067
1408875 5171830
1372122 8649158
230455 7236819
67038 3006042
2339215 9411155
1270834 3758715
2583754 4127910
7015216 7293846
406866 9981904
1145730 2421335
6282985 8346740
2815142 4181850
1361888 2802059
2242955 2576463
645333 6184359
5108899 6312230
4829994 7572615
1134873 2763553
5696737 7593138
338456 7859599
973331 3941950
1278125 6096920
460770 3709117
3171718 4417287
2284132 8999153
5972935 6152009
275748 9312562
628672 5673510
3979905 7054979
8886072 9315701
89788 6805494
1698166 5179090
5042463 6198466
1332337 4599309
738932 6868562
1803931 7860859
1726723 6212221
871530 4580436
1053467 1311531
2647867 8906728
153835 7675585
4158097 9077468
8102797 8800746
4475726 4698529
3413800 9066247
2933484 6931723
8939254 9237009
2443473 4137461
2348382 2529715
220123 1631611
3900954 4004669
6944858 9413910
4293989 5316317
1136057 3799916
5625848 7679242
1478199 5098857
4985008 7667823
6457385 9013211
728322 9304838
183549 2152751
4182782 6379836
4596179 7456641
3740995 8668404
7914859 8265744
4497934 6847668
4227429 6903870
943708 6782856
6380430 9834420
3473352 9086821
4365425 6810087
1302981 9265676
2992693 9903369
628914 9791402
6621642 9796533
7657163 8072840
6845179 9762236
4956093 7737414
6666191 8788419
6262480 9579550
8105571 9789537
3252489 5333692
340478 6687200
206340 6924032
156515 7641891
2012462 8308047
1385402 3517802
6564305 8412891
2913955 9555778
3080660 6839032
2558674 2873065
6551106 8092483
4162307 8475141
902472 6795569
4363808 6937574
1410892 4147587
2516436 4846318
6180254 9435318
6302035 7642371
3692128 4183726
452865 8797268
3481859 6736380
518327 6414524
4765103 5861977
4130711 8614586
3859603 4960448
2089489 4804997
1534451 8158280
2595049 5682163
3040713 5513199
4804640 8755287
3262134 6215327
8889295 8985158
6606393 8067615
2758662 8302714
313932 4143052
7291075 9606539
5111004 8931830
1391732 8807941
259630 1613413
6019165 9433979
1518698 7285269
1622690 7267926
3503017 5859055
1244955 6491397
704237 6268774
84200 6374862
2178493 7448674
3332993 5915506
2842038 9085593
4153156 8399120
2686920 8336883
650775 7309093
1459620 4832868
4933867 6649119
6592329 9000078
5018531 7270795
5205178 6142843
7401856 8568872
582774 2567506
1966828 8451053
242904 9155094
1059450 9949132
2957977 9077255
8040097 9935382
2012065 2789078
634649 5091469
1010788 7841957
7217221 8651206
1938274 7940099
1625331 9846649
6389987 7680997
2258583 8223398
2406781 7234406
527295 6839503
5442018 6880729
3535240 9715383
4521172 8539803
5082381 5095831
3872529 5275812
1947363 2154315
2432826 3679884
2605135 9393165
502113 5718103
417250 1657118
6072799 8195203
2851641 3256289
1650726 7253730
2922826 9965127
360442 2971243
717416 2293080
3215950 6657522
517551 682221
612385 4865273
4955231 6517039
1643402 4262924
40255 6005396
845366 2351400
3123411 8304437
672705 9783051
2240953 5093104
312137 5654540
4207007 8966364
114105 1740316
1343341 8983245
2997609 6625603
6428249 8045344
2865797 4218608
314310 5222366
6348581 8100842
5268056 7046094
2148238 7759262
4932799 5904308
5431988 7926148
4663904 5482153
377065 2000582
3781080 6616969
1029918 9768177
1666125 5722621
1403538 7702202
2850747 6597944
5298849 9387979
6171388 8373396
5989595 9125933
64254 3276203
2424823 2934528
6495310 9335982
2391873 6405935
4297264 9714312
1643424 6848076
333767 5106277
2988727 9358151
2874118 8135766
1580511 7002493
5045936 5832646
9060832 9261118
2073566 6092691
4205322 6842779
5405232 6050342
3313983 9319389
7150007 9665601
7497433 7882456
5068655 6633870
9446927 9632460
5944989 8142501
398090 7119782
1085231 6682185
996695 9550718
3956122 4905993
5581491 9137905
994408 4574568
1275006 5763743
777111 4057211
1923708 4720337
2641409 9411745
5442998 8445954
3354886 6638879
1796504 5816743
186171 2031933
5176482 9121706
5061319 8898878
1296025 1913858
2848138 3299019
2234864 6699731
3814630 8165160
1979490 6760828
5363291 5889615
1565862 4162481
130516 9975999
1031336 5954821
6052234 8449537
538196 6844647
1418916 6665987
2015280 8468330
5382361 6546219
2419070 7122805
5313529 8013466
2648296 9519069
8749799 8967088
8529306 9704418
2350568 8381501
2658225 4097980
1535196 5314644
9454084 9861933
6202890 9395250
3031998 3343988
5200852 7813697
1688812 4487447
6172412 9084013
3031796 8885761
6093929 8901566
4492623 8575727
269460 414655
5311158 5378858
5511263 7787529
65641 6254715
3981346 6653064
1418390 1654581
3560589 3668047
3430758 7576695
697983 2970320
7930976 8965339
8599626 9141373
1058664 6132680
1778471 5120520
8786557 9139786
1574423 7162107
640707 1402613
322244 9537772
265748 9270665
492944 4077256
324286 4961073
747816 8004350
341616 2618690
7677156 9939767
6549489 7604306
3607022 8054275
2998563 4005979
6024047 8435644
1937605 4715853
908972 5651453
3442575 7814543
1326218 6868117
3085339 7219924
817080 9231463
3481789 9454654
224136 9403686
5854454 6452914
1263715 6167620
281583 412293
6226943 7611423
3431034 5495231
3248615 9961502
1386691 3710374
5306254 8996146
7206762 8862518
8141315 8804038
2459379 4728601
572790 5961482
4434190 9041575
5018056 6764948
3071829 6664645
5073665 9719887
4998875 7390682
468499 3794882
4201867 5655920
888716 4661721
516668 6599960
4248168 8543873
3188481 5126176
560147 1533334
6094613 7102907
1107526 7416571
4146278 9781658
162311 7594542
6806126 9519302
1152339 7020941
4035356 8908208
2871596 5760495
28880 4129590
1701920 5051318
5936159 9771673
4066821 5511850
1599801 9769313
7705512 8716067
17116 709625
3794509 9293933
8516808 8525286
5742373 9524216
1595132 7406480
6328904 6861829
6711636 8597772
980802 2329297
2514186 9280494
1836638 7806017
392879 6046322
1475303 5841614
5731564 7750651
1931506 4359253
768181 4635843
4293699 5715403
1669154 3525206
7508069 7904095
6817276 6857875
3590581 7440758
4394016 7209261
6765667 9908812
1812020 4721677
6713653 8409709
3645808 4278582
659781 5049734
3373777 4470958
8314040 8346101
4428228 6657963
378043 685464
1399099 5763441
364966 2544366
6513178 8194124
541915 3874863
182559 2822359
4364512 5774946
2952335 3092626
8401706 9321531
828884 5758656
2680374 6797258
1479051 8322125
3331153 7742580
1942331 7569548
2538559 2736740
3844080 6558350
1882687 8445218
5154842 9371145
7949128 8924045
1929023 9853457
219703 4251442
1682552 4315198
4076282 4592309
2647666 8491367
1481579 1872790
5446762 9431748
1481845 5297283
6859787 7865456
2174697 8404300
1428888 5277527
200014 9891077
3016816 7744209
2355237 6076913
497226 6793854
1730169 2706297
484627 6411677
3168289 4801721
3048325 9066988
1821309 9648058
1838706 4215721
1119836 3705745
2293278 6095774
4119654 9686645
2805006 5961139
367843 5205606
5250817 6737542
54220 4289510
461499 1970428
495720 3195138
2309754 8182518
2481056 7679432
7874771 8168202
1467860 3427352
7351230 8527421
2989325 3248982
1410005 9285058
3250371 9712310
1186431 6470572
528532 4208123
4751666 8450130
9379 5233624
3441142 3468278
1423634 3835589
3514028 6519629
1120918 9899850
2129176 4868249
3040130 6601761
4193589 4638961
1618463 2738871
819595 1076359
3912851 8138591
6171964 8544458
4380436 6116296
4517385 6867985
3334673 8916320
2109681 3673371
611830 7802865
475272 8817142
5776492 9597941
4436978 7104624
4972370 5371888
5558443 8433635
6914137 9902035
804007 3380402
7517093 8504156
8286069 9043401
5450814 9804049
6000880 8774517
6835692 8532582
3403500 9877014
2980904 5074590
902478 9425055
1422779 8332234
4307194 8856010
1597089 9599975
5158970 8649825
6029436 6284430
1006498 8909002
1205191 8642787
8114372 9116755
5385807 8620458
2078917 5543386
5779171 7839448
6303335 6964242
217085 8652615
4519403 4523107
237075 3587961
9005686 9889490
4880344 5952476
1262282 1394006
3240609 4197613
7231533 7496315
825088 1842123
1474591 2241161
4799091 9668827
2170120 5400166
895065 4112163
3884336 9584941
2213012 8393278
398390 7263455
2611027 8972666
7784523 8077849
686455 6356977
641146 8275116
7686298 9015451
1137108 8289431
8124298 8406925
4061575 9641909
4030830 6275511
2607008 5537913
942148 9634034
2031190 9565637
448045 6502214
1215357 4899159
9331311 9717664
1128453 4790874
6396848 7600355
2411285 2517621
4807678 8991024
181831 7511254
8873174 9316032
3022312 7609691
7255829 8863985
1711700 7197033
4759051 5408778
5585743 9792297
2848913 9296101
4841714 9211699
1564890 7183066
471244 5961012
823264 2824312
1729563 9117207
5754698 8499642
413283 9436284
3768941 6601228
2470691 7266090
242628 1296787
46297 402076
2840877 7118211
1285451 5871736
7062132 7425800
2590329 7860772
1411980 2397297
6936149 7102373
7447884 7967237
1367829 6055529
4490492 9205974
1879190 8793617
201403 7243820
1292599 6710029
7185312 9442197
7536728 9100642
5123407 6872281
3639202 7499733
1050605 1418498
1984305 7761103
1729241 7460678
2093005 3307022
2954272 5792637
686685 4567151
5719514 9044970
5047816 7288805
2570296 2813029
716349 9812265
1207688 7986005
5318135 9176942
3303148 6066822
5120612 9392724
4760216 7643898
3705606 4867102
6262734 6640174
3459152 5127105
518783 7911863
4369674 6723908
7824521 8629149
4348235 5887860
2858115 8571124
6271238 7199273
2574665 8717368
2443016 3081017
1086113 9364944
2622927 4725430
5224438 8403435
3486306 8563520
761045 3093240
3107577 8855772
2646355 6370284
3024756 9784697
6454312 9770934
3090264 6474487
3997 4189620
7856161 7896093
6190053 6564422
500397 4905437
3413790 5846090
3809050 4628983
211755 3388180
1518415 6021224
200462 8460459
4714386 6496154
4033419 7580340
198436 2433111
7484128 8353392
7659593 7954772
737324 8489256
1848952 8625149
5399501 9777410
1655357 6929260
583274 3452422
5421236 7030164
2151429 3917135
1495070 5266171
2571260 4163799
3322685 9058212
3559946 9994729
4121902 9203110
1015763 4488331
2205297 5558511
2597857 6171900
2906534 9834617
6621242 8474432
1495749 4073619
826976 4070716
6616021 9856082
2187091 9621371
7148811 8105718
267126 3204164
3543252 8664034
6044470 7535741
2413003 2498338
3422690 8433096
3480755 4889385
1520892 5615658
1540097 3873860
3342056 4807858
3527415 4667705
958938 6462198
2843069 6082911
8395739 9306509
170982 2121036
4423047 6510140
3123474 8490870
5777617 8628515
2149367 7411203
2820468 6682715
6574003 9500345
4421345 5571774
8041638 8658183
2577774 9349446
5581279 5913749
138114 558227
144580 5006088
652750 9300939
2370485 5933747
3159308 4282954
8118504 9950659
3716154 8801124
4759652 9264417
1032381 6902882
5292165 9845363
3065118 6996591
783179 6367457
7709016 8350325
1822224 6914904
1471228 5966329
5002471 8778074
4252607 4988976
2141942 8607398
1601378 8039072
2131927 4142777
1814170 2665329
4398533 5402380
3959363 5074384
7699823 7783112
7206873 8837840
4186889 9193042
2594005 5022977
2559149 5284753
5030197 9782170
1463187 3754920
2430378 7726684
7879185 9237285
2478353 8603643
1420859 5114474
593095 9777385
4473052 7163889
7946770 7989568
5332427 8671342
6636102 9031965
5857129 7300956
1348619 8764722
1794594 8331550
4768867 8621456
3143269 8511921
4052666 9456680
6756534 9128723
1560736 4311731
2601669 9257631
5149107 5262435
6709713 8435700
1101392 5321908
7013966 9674789
4409953 4814021
6236066 8232881
570069 1158291
462123 6816344
670501 8992661
4605037 9201893
3009621 6875526
4199552 8009153
241064 1057504
6511457 8191423
75808 4170082
6041842 8008758
1753694 6527962
2903060 5663169
3321355 9840118
4825593 7579290
3656390 4284064
763327 3855379
1729815 5489572
133280 7671858
6673395 7139144
2128564 3610872
5432431 5735683
141058 1949237
3361316 3792846
5462678 8177337
5191173 7248909
2324347 6959044
2076394 7850510
3280993 4784779
827266 5492516
6188551 8313920
2382300 8594707
603979 1945874
8089361 9819406
4788395 5779733
4497658 9134809
5827549 6007420
549809 9418913
1603355 9253718
971210 5704535
1312616 9210879
4498627 6621737
4512073 8102947
3512025 4494798
1036872 6338311
2118536 3220308
424415 4165497
3108429 6196635
682021 2485193
8708733 9101665
994539 9039130
2755170 8890041
2041146 3884667
7319965 7923711
799006 7619616
3190621 3405050
4113354 7445290
5288181 5767597
2046280 2349290
8645595 9966669
3455421 5055448
5976495 9188985
6665693 8326977
3321037 9175918
4153085 7261947
1271804 2402662
4668791 5585879
4505120 6896919
4577732 7375762
3941163 9169351
4780990 9589947
5353075 5713726
4014421 4752847
7720413 9848228
58639 9707443
1931292 3046435
2908011 3338455
819222 3229567
5460934 5811028
6787271 8177082
4584536 9623676
9503312 9610342
518882 7258504
1492264 8268424
2437172 8132819
5110859 5134082
1576189 2938335
4869512 6702971
5365234 6039613
2615525 6605187
4489403 6925743
228941 5913127
4521859 8778274
5153066 9605584
498944 5453768
6048831 8836462
1117622 7066803
473947 5818165
3522955 6470743
2689656 4374652
2428350 6974407
2304797 8005663
854235 4629753
7003612 7040932
1376333 9084742
4748058 4861282
3043943 7053062
512265 9800443
277286 1940968
3357205 7051865
6061615 8394917
4770007 7731298
4200365 7053201
1704146 6039768
5267094 8055973
2240738 8419560
34353 7026424
7651527 9130403
2851488 4383968
1422818 2992590
3132261 3563070
1773914 2935398
7812945 7871994
7255641 7316483
22811 2463923
8947413 9572995
2689639 9746858
328466 1261881
6962512 9676851
1969398 9753289
2893502 3618318
1254787 8978055
6072632 9948417
2564989 3477776
13329 489206
2847269 8604318
2491738 4346678
4194508 6139979
72699 2239294
6570213 9417071
3991231 5768658
1721986 2326982
3391270 7846047
1320267 3064080
2297768 4681561
328876 8985327
499530 5241605
2174189 9862826
658463 3950277
368884 1896859
1228015 8267094
3914075 6286212
6367498 8907129
822533 7480387
2230649 4318230
3909059 9170981
1480577 4228808
2443231 2460176
6377704 8779933
4071022 7633401
1569199 8882380
766549 2895933
2940408 6529237
1402502 6193570
818510 5116446
130508 2825198
2814805 7814514
256487 3427849
8352293 9741966
3977372 6986612
7650206 8998454
5758483 7559683
125958 4262630
3596875 7999950
3029257 5376899
1076211 6754499
1233265 3498538
593800 1317881
6146125 9830966
2532204 8632669
5143184 5860756
5080432 7967062
8109441 9212239
2265780 7711662
1730111 1973611
2878752 7673876
9244975 9456512
1089932 7587449
315507 317072
1197490 6742048
160895 5409301
4632159 9010240
2173782 9869023
2241585 8722393
1324753 1936488
404359 3371664
1047664 2248811
68834 9027378
6260422 9835321
4166247 8651488
4291887 6296199
2039184 6030152
6709480 7576485
1402120 5380654
6677674 8296934
130477 4803940
3550978 8111591
5105472 8430361
6107207 9404550
297659 3376908
6099956 8008325
626308 9679158
4964783 6952760
919797 3326958
3555347 8618260
2978839 3162550
3426161 5963511
2039641 7421268
5641052 7448516
1571368 5292636
4462442 7224185
3215035 8565211
1622159 3400616
1430237 9065529
5266608 6963328
1004077 4496670
1036234 9682665
545957 555070
779363 9637614
735240 5282420
1447666 1656351
4103035 5214416
7022299 8872612
229428 1885347
7871651 9942397
4438795 7616978
4836185 7688154
1952506 3212701
6664904 9922656
3975175 4074568
3094047 9016966
2909176 8096403
2490181 3116205
377972 9770217
620776 7012022
877543 5490162
4761579 7787310
1694741 9685391
1629933 3047982
715544 5621948
1660919 4716440
3524748 5275702
3509611 7523845
5587211 9126309
4526586 9243221
26767 5053702
2786982 2801487
5340411 9935998
2028633 7859414
3141734 3302391
1612533 3699617
1737124 4109469
293629 2261415
7297964 7489779
3068828 6977464
1866602 8656249
1407183 9745302
6404717 8999401
3758390 4369635
1381436 9702183
908696 5949161
6860221 8382972
3892045 6409063
4042652 6326942
1637668 4593230
7472754 9428220
5553348 9833660
1563446 5645934
613597 3357584
1619975 7075250
7677243 8553925
2915415 3929755
2467876 9215719
672973 1993450
335310 1170898
4293895 7660559
843925 4111878
7347124 7739305
5255837 6810559
4465205 9250502
1714464 9562523
2940656 5537295
6673976 9554432
1702045 8329444
3898706 9185768
2459724 9045929
3101705 8255871
2044332 4549116
1739274 8699257
3983322 9378154
4352761 7392866
3709530 5412666
4629238 6728969
744034 3878182
8715634 9466839
623494 4834045
3026756 7667098
208591 3038783
964614 4034703
4410198 5629249
2132554 9314063
1608573 9493370
1613741 5865076
342807 803455
3291357 3299388
290943 5406096
2189400 4123776
284363 8899081
6597700 9856268
6487986 7033171
2406680 3355608
98657 815957
2904947 9868086
2866638 9308469
314101 6259844
3028823 4318731
2315457 7976978
591846 2535940
6521147 8062029
191590 3964596
6019635 9308020
544063 5769923
7714485 9152885
5912338 9150596
1404424 5851133
866858 9248124
7021092 9231557
1391255 6635185
1928040 2078012
3879513 4232972
2473795 4507434
6163959 7939119
5637295 7959061
3892790 5702898
794454 9309898
1156867 2873686
6924695 9852459
5962449 7354796
5288524 9228145
6499812 8517980
4214162 9841997
2401807 7390280
1039705 9067348
4177525 7641806
1511028 7737465
3120789 6535736
433522 1503239
5185340 5873949
5605670 7671105
5003222 9609582
757229 3181212
6601036 8818575
2698196 8194073
1119068 3400358
1050754 7423192
1921823 2635951
1571273 1850960
4660736 6830029
233271 4139358
2746912 4801675
5344612 7548175
1093929 8823153
2007019 9559063
1127246 9479952
338767 7679454
6209587 8285012
2986408 8298602
5674659 8794745
543172 9471037
1192923 2438989
130094 402432
5900451 6849650
7595146 9871531
3485105 6509848
2940530 3330321
5733201 5943804
1060765 4093748
8913664 9437603
4005007 5223442
6324926 9917798
1805854 4810786
817221 6592220
2028854 3295261
3528838 5700679
5918411 7694812
3117395 5425770
4756197 8222608
5405750 8851703
2953913 8215368
2823355 8999326
4572226 6855708
2037176 4118326
8163672 9848953
1090413 8453963
2046277 4169612
307767 1099852
4552460 7530104
3443708 5442367
62745 2324071
5098293 9343925
4096412 8890756
1125536 9581762
5487455 7240113
592897 7340321
3332088 5858009
744805 9364539
4470819 9123463
3742166 5935126
729932 1545563
217351 6761250
2591321 6927419
6753528 9565454
2848875 6304550
4944836 5287528
571695 4997610
2919219 9494415
820965 6743053
3375157 9769365
3579598 8621145
2046269 9338066
150143 3186690
4489310 5508188
6943355 8337931
3455568 7564387
3312131 5074172
3409646 5893344
3772930 4720214
1032123 2638401
261740 3811090
7245027 9419258
4886720 6086221
2028076 4187691
1376400 2666734
2140863 5250964
8093746 9320989
828002 1511372
587172 4876091
456475 5378666
2050914 6879821
1620499 3874742
23280 4580433
4967769 7945916
4803132 6759112
4407277 6805535
1187404 2596048
5754949 9429181
210408 4927420
2452403 3581363
2247145 7056925
2515512 3652351
3774160 4166736
1070383 1386771
4840789 7526178
1449461 8772388
7319841 7940856
5002232 8965598
992228 7511211
6279410 6766392
1128764 1404797
5438708 8490269
2162257 9515176
1601998 4071023
1411976 8033958
2615662 8133229
1078011 2376964
1537211 2457120
2178407 8220237
5618388 9345966
2795423 9099862
2848083 4526897
5903753 7593603
2899530 7649454
2277219 7392481
4178978 5022231
4171589 6824219
5334384 7097555
6445345 9914823
1341680 9369810
5212105 8459994
2772384 8113743
2285957 4267453
5869789 8225992
1943380 8670340
1822752 2939725
3873766 5671636
3002416 3533645
355416 7123680
5220925 9081057
3710261 5816125
5128228 7103367
4812054 8603408
2684815 7808003
3158757 5692142
880729 4162338
6447749 6820520
1497070 3766882
4790883 7783248
2746440 4176326
6151757 6801271
2522064 9231446
4553395 8137582
3531588 5653182
72010 2955428
4160412 6787406
9113326 9747630
1268251 6795803
3851957 3865919
7318934 8105034
1226852 4524892
3521361 8471101
1342382 9632626
6319875 7334557
6421627 7531414
308704 3625264
3173638 4054687
4020632 7558109
1341776 8427278
522840 7856008
3263162 6085983
631240 6572892
2650202 5525823
4355897 4808474
293707 8977678
200983 6505854
107192 3370487
3460160 4592300
1915044 9398015
282258 4827119
518613 975587
574325 6052334
1134474 7183813
5155185 5575664
6327170 9286897
4390782 7265100
2056362 6067871
5195881 7873500
6946071 8885480
4394900 5681099
5966192 9066573
3052689 8671167
3448641 6202730
9641238 9732736
5246638 7789830
5000146 6382069
7936366 9234487
723522 1531634
7461717 9836201
2936359 3590209
1063405 7890697
2472367 7508591
961344 2961673
4229241 6580262
416138 8670994
3744171 5623204
845759 5907709
5721916 6089346
393920 1774692
3469913 7779730
2330915 2770332
3931702 6129088
3416648 5544298
49473 5026821
196886 381255
97474 8246930
6815618 7898640
161016 6059979
911183 5465722
4866400 5380147
6681799 9131280
5483074 6534344
4361170 9148825
1004275 7874964
3910909 3973987
5825812 6737815
119919 1541654
8290098 9493508
4616569 5794246
2695258 5372312
3592265 9307306
317972 2631163
3468918 8013247
3324441 8417804
1111546 5182398
1470561 9790899
5118494 9126366
7309101 7883675
3193728 8659532
4349085 7476532
609907 5890480
9000010 9686628
1402881 4442433
619671 8901749
909051 1942793
159611 8913654
1928043 6230958
5087991 6592841
7896466 8206600
5512268 8593235
3697628 9488608
2845423 4979606
3019756 3985042
3923414 6573254
2527430 6728403
1133477 6893995
5820254 7124571
4801931 5430271
6228691 9813349
2713475 5017163
3156641 8751890
3998763 9108674
8206931 9428358
911309 3926433
7979425 8076617
2919844 8386379
2027743 8799861
7917403 8546003
4556346 7211432
893782 7883508
5682142 7727849
2015660 6874212
5029817 8479571
3170640 3847713
4601902 4715921
581822 3326652
6923071 9208529
3907734 4102110
578947 3092054
634505 3035664
1109653 2893787
343758 7613239
127154 8410611
3001794 8202100
1996310 3822718
1989311 3744074
4632995 6030913
2751129 6919529
793312 2795482
1078932 5800343
4989562 7626114
2004836 4409371
661045 5968819
4938592 8856765
2107610 2715389
335717 8234250
7488553 8597558
1230459 8399669
5648543 9069860
6006850 9489839
8274689 9818692
187415 4838311
5435822 6315776
900828 4391317
3415484 8925979
552726 4699901
1081000 9297946
7078716 7686991
1374888 9436219
2427173 8332611
1984608 6382398
558644 6678097
1851756 6692589
1575523 8070757
6310986 8767445
3638494 8853046
5287347 6665931
5782493 6617732
4170211 8374144
2175667 6494339
2053801 6937548
349304 5515011
2918517 4471805
5097679 6146330
5612942 9762049
7123227 9372402
2574700 7362655
5071202 9016262
2098896 5711208
4210006 5922655
559285 8495595
885679 4600379
25382 2752776
1316285 1387481
2581343 5636428
3057979 9544104
5995444 9738979
2069191 6334235
7192242 9353648
95806 6361594
3936287 5674746
1457534 5570624
3275611 8490954
910978 9945555
1790913 8671308
1128203 3105723
7427432 8563766
4113760 5629899
501239 656304
2847490 5323352
4174049 5257937
6350947 9940907
6364474 7002112
747503 4780204
8661350 8922177
700974 9646116
599612 8204483
2484188 3776067
3177844 3302500
99969 5673678
3155461 9456067
501853 2174436
4616134 6314485
2264247 2701761
4427482 9802278
793941 9074905
8402727 9611357
1166540 1719806
1600765 4478004
6823525 8749249
9279151 9873646
5153204 6087673
2318616 7664977
3905767 5448847
989778 4389366
2637302 4645065
1426664 3410641
4051246 7030459
3169893 9956008
1117060 4561866
6722308 8825571
6617517 7491314
3662797 5336601
82233 4908867
5565965 8055975
175729 5864657
4954411 8364675
1659536 4060076
2280188 3710934
6071864 7773301
4975339 6840684
2640654 8896204
1524368 8788489
1823830 3449389
2681203 7280508
2534150 7650501
5290830 8264609
5683967 6162385
2377640 8606538
5848462 5993421
6086814 7722550
7682052 9830255
94873 1590356
503435 8546880
1890744 6408864
1338368 9126924
1062899 5765098
117238 5525864
4024335 6832479
1317480 4664491
2836013 9606221
5274694 8481297
5601557 5902957
5395350 6910278
3775891 8475524
1194869 3538059
1203710 1447960
1408480 3989213
962620 1143650
3158274 6551945
2677769 3119436
3285943 7845038
2464119 3218252
3393862 9510221
1046924 8124727
904756 9358170
2994501 8911408
875940 7875846
3997731 8364114
1845128 7091079
2222195 5577729
996982 7818614
1195948 4116575
4121981 8922201
2180724 4473552
1384333 5530017
2819485 7742968
1878387 7916873
3394419 4859223
5020831 6606162
2578352 5559530
5796486 7968742
4751028 5174009
4849861 4859255
2445508 2752253
2594440 4760621
1425984 6168174
1202985 5226228
4282193 5602633
5554557 9754297
8477342 9610181
1589409 8149413
6609530 9055855
1462466 9640807
888856 9551132
4351055 6336467
415071 8993598
3549946 4317172
1889317 2687682
6688854 8006215
1070760 1257074
6829063 9169810
1392666 2689545
5027580 7653115
7736317 8056539
4216333 8525341
3192216 7816058
893895 5378968
6167184 7983284
9037650 9127033
4177286 5417829
1632852 3786364
7770272 7963053
2541221 6567548
6014948 9359794
5142807 5446430
4401320 8290606
3300667 7138194
162062 8470036
463155 8751662
291975 4356095
5921270 8645318
8111388 9968475
4111915 4269098
958023 5316063
123258 5705289
6274802 9726523
3304580 4540475
3856606 4854667
4032224 9854217
716258 6621127
397374 462257
150787 4029407
329559 8446664
1090136 7671579
7750728 8585395
1974179 3434522
3628571 7448271
6420831 7388174
2012583 3317077
5966138 7151917
4263284 5040382
6817124 7273976
205695 8129203
809554 2464012
992456 4489063
2835683 8206597
4052425 4281267
959841 3749031
9292837 9364588
5549369 6932510
1540731 7451165
5042616 6289175
44761 1944433
1637821 3403808
121783 8451399
3576084 5404350
2468369 4021810
1769248 7204240
6235925 9025862
3750628 7869116
4052489 7495177
8252443 9389168
4818686 8817770
5664110 5690397
2509991 7172821
3637302 4073711
3857545 6917955
1311472 5760845
2469625 3825023
1705050 4070317
4915376 6737492
5004641 7567633
385072 4795262
4792155 7661599
2136044 5215158
4206470 6754884
7761036 8226924
4290409 6565440
2958332 5637999
1187728 2740954
1972895 5560108
109345 2319186
726397 5372258
4336768 9185416
6201796 6895378
75480 1045041
7465257 8400487
758144 7202585
26863 7454589
5592656 9914366
989145 4617147
1797610 7026317
2012683 6464082
5717892 8361924
1766826 3701039
1242977 3672329
1882144 7874283
3782823 8830269
3522815 6732590
2835988 8694388
863436 5302120
526844 7064787
5706545 9163785
5802421 8629965
2315526 6145042
4172616 7423454
53254 5344738
196159 4206169
7149966 7667210
1524763 8122840
2760683 7607878
8071357 9675411
4728156 7129734
6717520 8936181
45484 183708
3535630 8889982
3533435 4087913
1706662 9182039
715653 5991913
2315211 8606843
554988 4176760
5164870 9928969
2111460 9451468
5419448 6337686
4871291 5373864
4790378 9721789
1880608 9730764
3741454 5616989
3805771 6146017
3723215 6615081
3836388 4586436
2813027 3055671
3809805 8965338
691421 2853257
100274 1633328
1871462 4093484
4439226 9435038
2431970 5393072
9409754 9805012
39065 8670469
8424696 9454036
3717401 9726655
653834 5504328
3923515 9299039
407319 817316
4894360 6692089
3810603 6229301
1615326 2471093
2036746 5168544
318889 5844172
4315605 4759897
2626098 7436218
2266101 6548956
4490185 6563452
6122211 9309458
387731 2142383
6215994 9707913
1649201 9719971
3266521 8101723
5562507 6163531
2572085 4535832
1229444 3426433
4491611 7938502
4049957 8243726
1889261 5881720
5965470 9099320
1878043 9573427
5494487 8303741
2016751 2318345
3737121 4168437
2103857 3464915
2956277 4219131
7246618 9946449
2643397 3488876
5333613 9703099
5030075 7873687
2067157 7843172
204904 7023075
5419526 9657647
1227773 9002533
394099 7405643
3448057 7611679
1012236 3902803
787371 2185857
3727236 6184214
2872067 5489748
1347665 9539525
2744287 4317253
995377 4904403
5034695 6487463
1307460 7341050
8876953 9451794
3094942 8668137
1355172 9854886
4183494 7179445
2142560 9176557
3410092 6361129
3591907 6871440
5177474 5428985
3020284 5253676
4991069 8324520
2623938 6486973
754619 7401486
5416221 6233968
903486 3834127
513403 4508269
1365096 8374622
2139310 3242968
4289675 4887403
4606638 9783177
3313323 9380591
3303696 9990548
5399820 6910294
5613439 7351782
778703 5868814
4836898 9600324
724418 9905020
1983410 3803546
1791719 6846988
4235162 6807705
1158258 8919614
3950160 6979486
9085601 9205560
5201196 7091240
93698 2633699
2482278 8843382
8344652 8769917
2280280 5695415
6197802 9318056
8424067 9770146
506451 5639590
718032 9324723
6258364 7597553
1832690 7725702
2497167 4292430
6075365 8388220
478191 3098295
6581023 6654374
7471164 8917747
3426539 5779453
956919 5887327
668554 7125732
916179 9922314
5625120 8010482
8361385 8896381
1030308 2010197
2180891 6328242
244303 6050523
2652615 4357055
4336306 6110047
2393109 9712508
2792062 8992008
3981555 4520237
264472 4178348
2378856 4380575
5408206 9807536
6680540 8152984
2817209 7504031
5207162 6937633
777672 4910796
2401219 3219452
823673 2072429
4953241 7275693
1325783 5477967
766837 3484010
4035302 9608973
3986080 7481096
6429432 8539987
9785 8666987
1374941 5820160
2519350 8690611
3901093 4025371
3082880 6395961
1830863 8513482
1700588 5200929
1833142 7867576
4992496 6683506
9030558 9483715
1579895 6060544
4248879 6242863
3728347 8205980
812834 9226451
7216875 7413954
634232 1361890
4458139 5740433
2659547 9079270
1832081 6190252
2599645 5199833
2409221 4072922
482455 2817455
2829773 4303029
7860495 7969621
2580827 6946474
3987344 7628806
2226854 6460448
2951285 7596435
4295193 4790577
671925 6691891
5302535 6358281
4209637 8031981
811673 3971889
360944 6854088
1593238 6219371
1361949 2209971
426753 5905175
2783248 6203608
7069937 8252874
1647800 1709394
1313300 3415656
508369 3404236
2312430 2538060
8241198 9330186
471239 716922
3154165 7208584
2905316 8687892
205188 4638700
8702087 8843455
569498 5896625
3018276 3815467
245713 6901956
4202193 4256395
4999596 6900677
4781819 5377651
5653493 9149545
1353625 1885485
155633 4266937
4558495 5670619
1710202 9752142
8391925 9900830
5259646 9741634
3051525 3552498
4072377 7684261
3686441 4201158
7171375 9066462
2841233 7591295
3367034 9012309
4387477 7992894
2707086 6883249
6475262 6586310
2714272 2872503
4639429 8079202
5310018 6412896
3607825 5313756
1194441 3517626
1843298 8017412
6618324 8020833
4648655 5114273
1766803 2563618
1649693 6409932
2319440 9619073
452538 2492176
338301 8400274
5721572 7094153
1456100 6345102
7790310 8661909
587859 8215747
5294407 6290500
4799004 5642410
40839 2184887
708739 5600959
4207693 4244040
3429816 3461482
776835 2597059
1361209 6601073
312985 2325066
3275783 3852424
4149688 9376849
1205355 5283351
7701569 9827022
374708 6263418
8621805 9359252
1152174 3070442
4048408 7179755
183595 9234416
7503655 9567384
665006 2647700
3774609 7956197
4316641 6532554
823312 3715064
481320 7853511
2099342 4558666
5635237 8642558
438008 2502596
5205167 6141843
573739 9183460
4814436 7135643
5686194 7772827
1136030 8013268
414368 1880317
3283209 9476347
3962527 7285568
4156347 9346228
3210056 3941614
2726043 2757566
2697613 3418577
4619623 9399776
1197671 2945469
222527 1805852
2601707 7236105
4659083 6443475
2438603 6662206
5760006 9023822
1900737 6151136
8393793 9576669
737061 7588755
2490735 6013382
6056183 7487151
6061272 8315717
1721444 5315145
1079743 5387243
4253765 6423884
1322717 9582607
3903075 9161520
4825364 6817803
537224 9346267
630089 2079820
1269623 6060608
5529693 5981716
5543963 9885357
5721075 7210905
3267194 4107947
326945 9242544
3600559 8371510
1035585 1817644
2371212 5384464
1683572 4453904
4828864 4876880
3584344 8661592
1145558 8428525
2558372 9872056
2557689 7001375
4868282 6905057
1315966 4306466
3032818 5617772
512797 1820116
3543879 7013156
3083174 3920908
3747446 6787938
1934422 6216907
4445015 5866907
1472284 8425815
8052509 9983473
4356292 8891873
810170 9870711
5593778 9272317
1021941 1059502
603194 8233820
3571375 7488208
1746746 2313005
328091 6301409
327864 6403585
4434587 7646302
2380339 8593610
67800 2523334
2084450 2862841
4282001 6566124
8247415 9244775
1865230 3103366
1927164 4127839
6518221 7551997
8601100 8638957
1089024 1359460
4253239 4284049
1212490 9774998
8126775 9931155
3862876 5598853
6254405 8735417
6374073 8395356
4350633 5968073
2887033 8789330
368268 6833569
1507049 2605047
508086 3775058
3701932 4340273
346750 7301507
3512420 7539052
969514 4859223
8181 7000407
6155226 9607550
3063639 4089820
123746 5887653
601709 6916447
5641305 6152512
5146704 8835046
5011484 6699588
7748501 8120168
6050854 6878257
1050514 8218144
9150435 9400738
6032087 9194782
339824 8687912
752102 3539701
3725087 4765555
3287178 5101968
7354460 9375358
2158515 9432001
4893259 6880312
1814343 6060901
3899811 9289644
2982236 9997778
2902515 4045156
3325912 6782530
1861885 7777520
6285521 7706700
2672427 9630210
1315777 2872584
1407169 2541818
3059926 9087327
1071157 7671305
1368014 1513390
858003 9014470
83988 4690700
704605 2587980
3368627 4396844
7797407 8761852
4616281 6590274
3483589 5760854
7327176 9616565
3678627 3744064
2255188 4942435
5945802 8705141
2216340 8785291
1639163 4187987
7037193 9597583
867394 2692976
2798831 9483520
7647054 7846974
2170639 2835697
2107512 7681506
846449 4408506
6641299 9736954
1691764 3903394
973558 5534202
903351 3053528
191028 1608649
1375274 9470434
6647543 9795492
6621472 9059286
1130240 7460402
5043136 7533141
3569682 4739923
6553628 8523918
29817 4435394
3624629 8551120
2945825 3270380
4012070 5334567
5097893 5590182
5051319 5375219
920638 9702565
6598563 7280482
155826 1486119
6140830 6751083
831005 9243173
1029357 4446501
3505721 8400524
2600722 8190330
2106772 7834934
761707 8073911
5554818 7085172
535104 7352403
2511176 8026445
4033094 4274537
3895521 8262372
9560946 9854211
4422170 6335738
5010536 7200722
2590470 7837500
3017414 3618375
4076363 9017579
1060689 7058252
6026574 8676903
6197080 6670799
5505766 9058220
2696296 3368178
5999791 6747727
1265911 7304959
3576759 6732751
3990821 8121875
4537393 6518131
3913883 6940227
2670787 2734158
4516974 6950719
918107 2732726
3556457 7808654
4211042 5169175
4747887 4862869
2205368 9767122
5779586 6788146
5795716 7303807
7637589 9570897
3944040 8712920
3096043 5967311
6818549 8907967
4385286 8787978
3140114 3729721
6240495 8624047
2564194 8769766
2846808 9275174
2210054 8313881
3933723 4898918
767316 3546032
3590881 4117155
6860463 8901877
5185462 6216864
2614042 9365137
3884101 9223140
3860542 6800621
2772841 7147836
8080590 9950095
2129268 9587670
1413182 4765350
6529325 8274930
188710 5670775
3297796 3661550
7018624 8927228
3326966 3356796
3073210 5776539
2763305 5625835
1630463 2964645
7556915 9588876
2606851 6879311
4255259 6830004
2975817 7501289
1192721 3143801
3779363 6720649
624624 6401346
1463498 3603266
4320163 7016320
750518 6374969
1777332 2305019
8212421 9635411
5108657 9218819
2783898 4320822
3089237 7517250
6138423 7765360
1860610 5733364
5476142 7157563
4368991 7460723
3408839 9787950
2472141 4873777
4658637 5659166
3880093 6754709
6100252 7719245
4674466 5609331
5986824 6961373
4714398 6614205
1888208 7777284
5735046 7574988
2662855 4992461
775502 9615942
8125850 9836894
526906 9005052
1640595 4280608
2026086 5401168
3870095 4275713
527283 5526005
1179008 7876957
8781297 9667272
2492063 5674553
1138144 3319732
28550 7461222
1202861 5944549
8171746 9086041
5366237 6834168
634668 2033079
2773744 8057655
138756 6402797
1275070 1899914
7118160 7894164
5382151 6214157
2047297 8888703
5816331 6392550
988806 8336303
9009628 9456863
2086269 9930475
6478587 8246755
828718 3116771
1419074 2828369
2118923 8237271
2360728 7625592
936156 6764146
2117297 9043777
2224056 4337400
6036298 9231512
640027 1856274
8167451 9118771
4289549 9874547
546297 1478927
8109789 9186096
3250983 4712284
1362198 5458360
1597632 5858844
3307579 9932974
2288183 5602508
6134916 9603850
4644848 9272153
1012730 6806935
3964026 6804982
7566091 9337478
433467 9447899
3056772 4435586
2389814 3576593
29603 1742284
6807515 7414326
511661 7433335
1390048 2188194
3280319 9667485
59691 225096
6533166 8302305
3229190 8842022
4039572 5687837
4805753 6358915
5084554 7274350
3927628 4215527
1216510 3499282
3638188 6346038
3618050 7205431
1580195 6768726
2598413 7790028
57466 8460583
3408830 8154676
6388803 7670216
2432770 9537700
1636325 6985269
1227053 1735518
178798 9854475
1844478 2538227
4491515 5055332
7864944 8761680
9545643 9598387
278128 7691137
4401172 5545750
6793474 8706029
7269251 8608146
3645237 7273590
5442448 5933705
426841 4274569
660828 1698949
280155 1888353
1455030 6490399
217792 509346
154001 4391769
482883 8711037
4405159 7398427
389640 9556351
207903 8901643
6124005 9575555
1082076 8519910
2880274 8687984
1358215 7674027
4851395 7361226
5490514 7981763
4266638 8185669
5614041 8806295
3084305 8398532
1942580 9619822
87094 9448915
4849466 9915371
2508006 4487541
2268547 3893978
6339762 8671825
474655 9427113
300710 940555
3024338 3394521
2737862 3986695
1513336 4440485
3031340 3408099
1071384 2731632
4510120 5634786
3200636 6276305
3925194 4976982
4091466 9781182
6811407 7729858
84382 5521638
2307390 2356784
3097103 6104303
4394586 8321908
4330502 8365017
4021230 5331423
4492691 9651323
116874 2983093
2334349 8071672
4931461 7190045
3468926 6971748
679284 7075702
6660984 9340229
545057 892920
408433 9421181
1461439 7439568
4146830 6701297
3283817 8167050
3980896 4943385
8139051 8385778
5814324 5871144
2778740 4970413
2309976 9277525
677937 9737281
2698362 3571413
4823795 6968132
3326938 6875964
8803166 8861670
513038 5475985
557233 6933067
3839627 6509272
3773966 8959804
4335984 6718374
5082230 6969979
7326606 7675161
5955251 9962926
6380194 9359578
2973593 7533059
1516768 5335214
6752787 8185247
6889735 7529841
2950001 5253705
4071655 5556516
4184738 8542189
1469592 6226795
365007 7636869
883067 4171895
1384321 7618787
236466 2284302
4920044 6320055
4956169 7317207
3914859 9020716
3757369 7148090
4047528 9280162
1955134 9033015
5843860 7846519
1369878 1482132
9475485 9730063
2280001 3767293
413397 495811
7629941 8282313
2939138 6152053
3813760 6748059
2953146 5669525
4236736 5623659
1882967 9378761
2855293 6397728
606208 3408834
6508651 7238953
4396244 5827231
1030090 4902614
2450874 8231998
752917 8395312
541052 3368676
1120213 3521740
539636 3363969
6338892 6362657
301278 9809838
874493 7796971
1516145 2047766
5111893 9765756
1122630 9159476
3964064 6363808
3899563 4981492
3470311 7012508
4361093 9055123
9398290 9840784
4704720 4839954
9341146 9565212
4377184 9061212
771056 6619794
4639764 7245965
1151341 5964660
66290 2278592
1429817 7244250
2006180 2520619
2951532 5469990
898624 2482448
78577 4677114
7127596 7378012
2781578 3080826
2326184 8198496
1039494 5567120
130511 7927242
4866417 6075166
3830861 4930543
5306190 7929899
3793262 9242732
7851917 9922082
3098690 7326246
5748327 8981217
875140 1924421
4152137 6625403
6650850 6936743
1018005 5211913
2636577 7947456
572747 3694187
2336470 3460084
1561274 2931198
4772463 9739077
3591262 8924375
3349605 9555934
940556 1747638
6401272 6840567
1150438 9037431
3022264 5180639
3565414 9144614
386768 8102388
1072688 8782453
1895754 5082029
5844580 8760783
2189535 3611400
4852351 5813608
5881133 6039871
5487535 9419840
3779211 6129571
646022 1094946
907366 5452495
2146372 6766148
8584678 9475246
5934652 7748042
6909899 8445888
1313839 7867746
4803750 8592092
5526473 6726105
115164 1255747
2436683 4962324
630155 9498828
2112821 6066995
1189995 6071270
231501 6529724
342583 1552575
5244398 6495674
738395 4795334
2013028 4906772
2838933 4745546
6058127 9603481
562050 3931736
444647 1665546
924211 7519943
5961983 7680078
606429 4699927
946443 3824688
1170834 1844687
1583524 4994340
2641382 6561410
6019381 9894421
458002 1460702
2050887 3163648
5927158 7426220
1033126 9437226
4291392 5369253
4452386 6041954
3368142 9711216
1772408 7780878
936298 5694219
3853744 8583145
2396240 5083136
2898733 6334791
753632 7554554
7278179 9339797
2159691 6783533
3630453 9065759
3308221 7845011
4841971 4969792
448613 4017118
676135 1892982
3547785 9395585
6256209 8399615
2395687 4184134
5480070 8698824
1962974 4987052
7043525 7907300
312674 6744253
7030845 8447080
1111114 6162571
6794457 9514918
5016593 6122823
4069605 9630280
5665549 8457964
2268740 5297286
5409164 5827826
3191644 7600653
5950693 8114562
1692591 7481273
1607434 6812944
655412 4325514
148518 7128912
39788 8321679
4351737 5961707
1044258 9228900
5074718 6417558
5169756 9360906
956731 9200243
4220206 9017075
2272277 7357931
2039959 5355255
1254306 3134670
5835397 6602347
7827371 9358052
2489129 9565994
5218364 5829527
3143833 7831694
6342189 9850286
1287809 3544413
2984958 6708972
1608799 9174608
1710847 6307356
5497618 9348608
15367 7817123
4816329 9890823
3300247 7289294
5819503 6946042
878939 2976103
3650563 6750886
2082196 6250544
984465 5549454
2813271 4992922
53763 2382972
3074378 5104934
4096380 4400315
233796 1236649
978749 2650907
1645554 2350441
6381762 7677617
354904 3799075
3514479 8097457
999273 6093415
3361844 4994660
3763321 8824515
2216185 7823706
2923426 5879911
1456621 7117386
3956052 9512608
5826780 6508134
428462 7542002
2592971 4742647
953517 6186615
2031169 6733594
1739650 8382404
2554612 7399377
1000846 5406327
1757859 6457364
4909766 6521397
4035447 7503636
7252168 7310879
3291652 9779983
1149013 6040967
297542 3824183
3982611 7350434
5711268 6887218
4708798 5387634
3221685 7004019
1019009 2815017
7678989 8236145
72873 8284007
2465437 8174564
2435430 4212238
1986704 4202269
6331862 9321728
3278502 8626600
2245891 5874621
86548 5593228
1713615 6612120
2279433 8776455
2755343 3613411
5296267 6042000
2010996 6020897
6133205 7288521
6568789 9030798
8299017 9152912
2049741 8320123
2519936 8943885
2866142 8156764
6514792 8197652
4112867 5171488
313029 7631286
338073 8511847
622000 6549261
1757987 5826896
1378826 8496849
4427529 8606031
70378 311119
8158542 8775122
4950764 6973272
7098657 8950524
4851589 5916319
2797548 4359215
4554633 7284667
77162 1101189
698070 7983111
5775065 9715727
1280027 1490130
2104313 2580552
919992 6988018
830949 7980325
6301000 7801235
749698 9597932
4601781 4900476
2309121 4729679
6796162 7202721
4532082 6089873
7067106 8606522
1344614 4577117
2553956 4208324
5009557 7835161
375528 3445314
923781 1632734
4125983 8458217
2876937 7204164
1920227 9255242
297570 4611819
7906151 9980083
5683455 6886791
1155570 5923759
7664450 8836472
124547 7055240
1194167 9699009
5180864 5405786
3852459 7398924
2868021 6341825
270804 6990791
2837814 7638313
7022217 8914720
3106144 6749768
4184947 8295872
2509104 9448495
660088 9254846
774954 7214354
3677852 9517972
7738255 8466910
2315075 9807196
6500459 8168300
5321930 7537106
821055 2126604
5404188 9540976
5851261 6878327
1521023 3218169
7075020 8072579
4180450 7641301
68212 3859877
6290303 9814430
4874730 8154676
7431410 9421544
824772 9977891
1340087 9087459
65026 7649073
4588096 9908151
1359598 9157479
5224533 8137060
2110455 3098456
206605 5116336
4089920 6002372
1660394 6835276
8232819 9847753
406282 8277799
1475887 8317666
1181509 9800352
2527214 2814824
3944638 3970598
3383703 4956989
5049575 7063373
237034 5641737
1168136 1855314
2723289 5999578
2364187 2391106
2508871 5007303
3434071 4074119
3012589 9402039
2264077 9765749
1556016 7900167
1288961 1540112
3166313 8109219
3105261 3600137
3621863 3827038
2997374 7950719
2157347 8324878
1117865 6626278
3438362 4938055
2326721 5970960
7926684 9174934
2324486 4666273
1934437 6832829
2230088 2875684
3000933 6399251
3782868 5546294
3230168 5035652
915930 2711161
780600 4772570
116330 9529899
2765597 9976149
5369465 8398217
3885941 4814784
5021121 8279709
613988 3605618
1780017 9333707
4354610 6337185
993628 3759147
1258906 2086152
535096 8413077
1741084 5123533
5255751 6678847
1255579 7932141
3300206 5510945
2937548 9400562
3780271 9558251
5592972 7958570
3172843 4452127
2589959 4967011
5047165 8130328
2003411 7927990
1789167 9861576
4927237 6262179
3048691 9324867
5897433 6814516
4294620 6114492
3505842 9030706
7555796 8579211
5116100 6151295
7559675 8208513
166449 9271775
1594958 5255412
2370347 8645045
3149910 7351617
1117155 3662148
7525704 9484434
4016022 9827815
1944286 7563755
329979 2954160
7873491 8059238
2605855 4142805
8632174 9520266
8388225 9330591
368149 3064871
8786727 9272582
7919746 9097614
1136187 7086422
3348363 9858011
4690585 6148722
2861782 4089120
2760962 6421314
1020013 2888269
351769 7772958
2237306 8497052
6524137 8520522
3188097 8886380
1467057 1869267
3389255 6215736
9260146 9831528
70773 9450776
926144 8286836
71443 4546150
6847510 8899075
1028603 2556011
1559091 9528172
6544146 7974452
6998102 9701592
1429080 5413933
5148801 7576610
5624843 7099486
4941196 8455497
6881269 7296678
5356371 7030076
7874309 9997627
2305847 9653632
3422839 3827686
8771417 9808268
4154762 8749249
1283470 4511178
1167314 5134412
2232658 4723238
111574 2331804
568307 3708084
6009543 9158051
2823230 9896115
2556602 2587769
1040391 6654456
451055 9169358
4972914 6587089
4862537 5115080
3451255 5991939
710326 6042757
2934033 9109810
1454914 9114006
86646 7843493
1594295 7266408
7120806 8239569
2843827 8370148
7176235 7209279
1121594 5256576
1520573 8780577
3300703 4095599
3789985 4573399
3490816 9175250
1230551 2235913
5682782 7979316
4269751 9044391
1759912 9053267
3939524 5189040
821996 1099179
4850614 8623836
3876056 6568126
3146679 5449631
4130027 6028933
3716532 7398597
6474010 6804227
5508186 9567182
7105318 8337157
2793626 4557186
5152322 8851427
1925585 7019897
399094 2069786
2446875 3523138
9355151 9357477
6052087 6064881
3264940 6321545
2295735 5353913
460010 9225580
4718369 9669986
2896222 3327211
1317356 4252673
3257902 6953773
4171438 6158042
8120946 9740896
1685133 7734867
316252 8707870
4890639 5795721
1463265 4390562
3838009 3991308
7825216 7987862
2597451 5588238
6250704 7111794
1098260 1605307
6319589 6780396
514610 4645684
5732804 8202003
1346342 3212883
7724859 7763684
5383449 9256817
8247672 8341673
5555019 8546429
891509 3543138
1085947 3745335
1682585 4509041
1958354 3753002
6400007 7038667
8634922 9727931
8357474 9262088
4503586 9431214
2083954 5126187
3277306 8807562
1041522 5262687
3100792 3464306
8049440 9060101
1171779 8781280
343430 9869826
6196626 9836455
6189475 8390684
2988334 6616361
6872809 8018157
8924442 9679788
754534 2117666
5698368 5764151
3282273 7463173
8591870 9379469
71098 1932837
1924936 8477841
80382 4639583
4935770 8562636
1294745 9305210
109694 1317675
2438061 6815160
6178555 8264999
6762069 9601216
1567238 7520194
1741442 8204490
3612747 6649411
6456725 6593595
2388841 9505293
4577923 7553718
4999000 6682232
1078105 1995719
7512064 7975429
5407426 7175984
3462596 5346661
5093078 5333511
1302069 7808670
3415404 7940396
1051752 4117663
2824872 7372552
4384887 8389133
159215 6950751
2143389 6336928
3882772 8259256
5646902 9539901
3480207 7808166
284589 6282399
1530163 2164731
336254 797998
4711838 8194102
4701068 5945255
1234308 9146653
2937296 6781159
6327158 7285730
2187965 7483165
4917770 8391217
7925052 9220130
2594745 4457940
2978424 9720273
2753866 5918937
1431165 2067753
7386093 8440658
1451811 3270858
7363705 7850571
3376470 6354318
346198 5038053
11512 8668030
753600 8718791
3658089 9782538
1136114 8718148
5321877 7464108
2955543 5928867
5471499 9628309
6034227 6334668
5263838 6178619
3591099 9339029
1639851 4147273
2494233 3017805
552044 5832303
7199971 9030444
1192328 7864970
2709025 7849292
4563845 9208298
2452799 9647745
94329 5255126
5962850 8705466
1244709 7619494
482274 6395351
6141023 6503151
4695371 7761156
401008 3924153
576938 1192454
297482 2234634
4110498 8059465
1806526 4357878
5281697 6601178
9033297 9762036
1507063 8100694
3241065 4912591
6110704 9683364
7003533 7212903
3555856 4288162
1365545 2466449
5251224 8576953
4999202 6603594
811805 4378003
1377595 2064068
2996231 5464530
2253371 7292664
3291705 7300424
2179100 5028549
3351002 7092898
2386908 5742162
4071607 9517356
3848127 9345085
3587867 6802772
6263332 6386483
868842 2769120
4512276 7305158
8192753 9840950
7521957 8575663
509217 3837017
1268652 5030518
1782077 4005785
7327406 8767333
268965 8742056
3785851 4017739
2741606 7622530
4554234 6904554
58585 6106303
3688000 9113374
263396 5451184
3372955 6114803
6328880 8215060
5291297 6577162
241591 1507279
5106632 6721676
5970024 9871630
3384954 4275625
2452517 5425190
1238816 9781745
6924971 9119226
135644 2718187
1178555 3260248
6483835 7735654
2261723 9556438
8106697 8472862
8187564 9617034
6010314 6893738
4391405 8132443
1116800 2824660
638989 1354056
2710715 6690180
2470945 6470658
1897609 3928778
4846899 8786979
275824 4800570
3835928 4454712
103639 1591944
3846822 8820857
4427523 4911337
4712638 9173182
6949407 9530114
53582 5713167
1906398 5266674
4546252 4749084
2442558 9488919
241091 2983388
5362646 6562617
5182615 9572952
664254 7468699
830073 8294063
490334 1638408
1747943 9566431
732 4345477
4635251 6344774
7834037 7837883
6092291 7295099
3066888 4437245
1963593 4698594
739553 6022101
1064275 5989188
8818106 9627985
5147893 8730745
5007794 5257302
1726385 8791321
3243272 6443158
5207227 7715730
993599 6466830
462651 6958214
6263857 8434140
3841182 7907224
2241297 4648839
420598 5205723
8071012 8809057
1893226 7884150
6284061 7173809
8621928 9052452
2469274 6079463
4706994 6914232
5355893 5793761
3005439 7882884
8831304 8843188
760289 8095345
1809495 3637116
7774944 8975652
3604506 6502356
9193225 9607433
8756926 9848905
2614820 8293054
473543 1846720
2860650 7134600
581165 2576490
2685391 7894504
2877020 6227703
1793961 9028530
4726301 7029450
430646 2525419
2666851 3297669
1322474 9619141
6468636 7291044
794711 8902465
2667944 7404615
147311 2473619
700516 3021719
4342039 5048304
2042326 6099093
4630144 9792757
979002 7874266
5558264 6382099
1013498 7457348
7070498 7346700
4388009 5709323
158013 2227963
7637803 8545920
2136597 4654012
703660 3126616
7365732 9797393
5295963 8022799
1440679 2176607
5284856 6152326
6437008 9806175
2666242 4353638
3081729 4864050
6173380 8492368
1996224 2872758
4242353 5650942
5224071 9904850
2239663 3424970
4410741 7114635
4290467 6908247
6549551 7621549
1035729 8513251
2421054 9045006
5129147 8117340
2677962 3317062
9253090 9944299
7348899 9723226
6718211 8429742
1611053 5225981
968482 8419670
609658 1003244
213071 4605435
8005800 8234198
4997678 6020758
3400808 4760525
5672500 8770728
1276818 5490140
378776 8141654
2541657 9011533
6851250 7521792
942468 8739729
1381716 1817192
5382400 7584368
652804 7069339
2795756 8506206
4189235 8598141
9222674 9728587
2403967 7118936
1825006 6604817
2802224 7366356
6293034 7502943
1080744 1955751
2719933 6098402
8917987 9203168
4393779 7271497
6598999 9631957
9628478 9747743
2763145 3067210
1426737 7637897
4487822 5213632
4256018 4689817
4386128 5866179
2170035 5536067
3922051 9579587
5402443 8425420
1160469 4474029
3077116 7323303
990243 5798402
48140 3064624
2931208 4750208
8190228 9579649
139610 5796123
5667506 9651525
8758071 9653388
240447 3047531
4101747 8105928
1881779 5308505
3153904 7005846
4775212 8289003
9018784 9655076
2512838 3032197
4184980 8094793
1091354 3021101
6989675 9456508
2638555 8663403
827064 8867616
3024948 8410269
7738031 8525987
5785424 8321892
1090861 7724862
3874793 5850624
5251876 6878621
2163300 4972445
6358999 9461305
7858677 9994662
5821893 5958994
5101898 7832591
6291244 9171924
7578360 8781830
12392 8426444
8868204 8878936
3603381 7570952
1457310 6596463
1457151 1742727
7737611 7760073
2608502 3183562
3858531 6259435
2235973 4105421
4563880 8319479
2285425 9409248
5569969 6095489
6183394 9377505
3423461 5412134
1149248 5067062
6456122 7197056
3760625 7894911
7430778 8372111
449289 6604540
8501342 9610569
5013237 6915283
42084 7438619
332195 9380446
392205 5650996
835572 4421796
2896436 7590968
780439 4427405
3396580 6779208
520647 9138534
6123128 8424386
339776 1163534
7684092 8454788
1506375 6737269
2745761 3900497
3385822 9945276
441197 3621783
3234218 9286130
2138727 9406488
1648472 6986671
6708895 9296229
2578828 5777200
3211318 6387907
5842068 7988671
1203707 1815761
497853 593418
3844452 4158879
227037 3456313
7123741 7153630
225857 5391751
4732663 9391373
1573923 2840286
2200244 2612753
2166291 6990107
9638893 9728454
8681017 9128181
5686867 7610801
881036 5147360
1529611 4606811
5679005 9872222
2211942 7579771
929403 6248159
217081 8016873
3090299 9666864
1146755 4468517
3430275 8779024
5357427 8292380
8043023 9972821
9626 702912
1243173 3671436
276165 5379181
3032233 6516876
3568157 4469470
4748586 8204212
6047430 9561814
4148355 9990930
4534801 8057685
1682671 2427281
97667 1379017
4906223 6839418
35766 524777
9256710 9618323
2990635 7833820
6926066 9912994
5947578 9668307
4308338 4854623
1136966 8075020
812708 4258133
4075364 9469247
5939248 9569280
1830547 8092382
1393204 9747597
1558808 3767976
1664189 6755905
2891268 8872074
4709893 8081814
85193 5221594
3795097 8094225
558402 5989965
3760593 4610136
3644149 7663355
6822546 8236854
3698807 3804601
5892523 9292765
2807869 9274410
6637021 7881219
3621194 7397111
295928 4956621
7512246 8453066
4349638 9758137
960918 5380608
468474 8369299
1887756 7081818
2641764 2777594
6018983 6241202
7247101 9037316
963018 8639496
4554947 7007205
7006260 9118848
3108546 5849113
2385739 4430571
1992183 6950099
2638943 3723619
3894390 8403793
1527598 2421928
3788839 5335521
2008351 5235223
933939 2441847
3776105 6234832
3814789 9587166
6063464 7153912
3667282 4757755
6396260 7577777
3210697 8367168
1097655 8871951
3629052 9165881
2259004 5005041
3000601 6762910
1742227 9994419
4935816 9053863
904619 9050729
5945160 9333800
867368 4691544
5027571 9399332
4122136 6986640
6043299 9866420
2898886 3053251
3212118 7054742
5879578 9461476
7003526 7127208
925504 3757851
635750 1133513
2498735 4082029
1302240 7518545
2823733 3604918
3147449 5199670
7054511 7839729
917351 1533710
58573 1157840
8984888 9127002
925125 5816922
1674897 7091541
8413950 8587014
3295643 8771657
5156866 8424682
967792 1693818
4469808 8360072
1089391 3740139
1541362 7332511
1487796 3516101
4963184 7854178
9264825 9542220
595375 2647789
94608 3333772
8651492 9477645
2823685 4230917
5452193 6333290
2106602 7125171
8144378 9400539
5937892 9907505
7931951 8692145
3208202 4649530
4003561 9756600
3703839 6707312
1975991 4802784
1481421 3834577
776746 1635288
873484 8831792
7355675 9578847
259784 7136627
2794964 8956758
375080 9658519
3631392 7334782
1488347 7488232
4817461 6907854
3069456 6787711
1217672 9862359
3480947 5057734
2478132 6231212
2071926 6532550
7116511 8357415
2773993 5322909
1518276 6022122
3388237 9791208
2683034 7730455
320523 9389186
3685854 5329788
1542232 3340744
618107 7123067
51835 6202083
1894980 6684807
3763682 3970103
2719917 5743675
5893587 7184219
1523882 7943478
2112148 8402829
1112181 8987733
5136192 6773500
2139887 8849128
1448023 1463375
3578412 4602809
6075625 7727077
3415031 8504503
111755 695205
1706286 5816477
170399 475820
3652493 4479318
6294525 7643718
280626 2095719
1225094 8799027
1890791 8355128
4070746 7118929
640634 8191861
524991 729477
7160259 8195765
417198 1596273
7254005 8009930
3531106 3816342
1645605 9800282
5123881 7704390
7739052 8287315
976976 2145333
4556957 9075339
2453578 4024777
3532558 3805231
3551618 6695607
1145630 5071799
2312637 9135146
5921665 7057907
1623897 8998223
4385424 7385553
799273 5881782
2359491 3952561
4233966 9047919
6950402 7049675
6566185 8073590
5047475 7633055
2774249 4636963
5253861 6954397
499739 621571
19648 5966172
2306154 8191226
2973640 8602736
832164 2837544
6527768 8134975
1982951 8335395
1555653 7259032
2907605 3611679
1208043 7714230
769479 3773937
1059405 3954163
517397 5871251
117985 7046079
5905298 7204918
1470011 2053273
4857552 6694928
8942536 9039646
54203 1638992
4157831 6119685
3174768 7219412
2116253 7334404
2857518 4315274
3708372 6072991
1668213 8592783
2940966 4591932
7045044 9522132
4560923 6532052
4607098 9423798
2325990 6314539
6969687 9820099
95002 7687796
6871204 9053376
4531664 9700102
5270926 5738218
3358480 4005530
470589 1017792
5478423 9339342
4180105 8199579
4010202 8175593
3830327 8092516
2288494 8814433
6092989 8706308
5590287 6117389
3237752 3825357
4844531 4914447
6440198 9249595
1030444 4695901
5183029 7059296
4487707 7512168
3309565 5110159
4632067 5057607
2463800 5565132
803507 6768129
2580634 8862011
774711 9809534
8171625 8941301
5002413 6335243
4196348 4502866
5145435 5390895
4941421 8229671
1724511 3805123
5099636 8802278
4816405 7249423
2834198 8313998
4210011 4941365
1071184 4897997
7483599 9413999
187832 4520509
3092231 8873660
1666365 4962290
5197122 6809442
6837926 7384881
5166716 6442355
2404165 6545789
925614 3957075
1498882 6029745
5346710 6533442
973518 2747640
4545956 5087324
712331 3654180
2236814 4661080
1238766 5133202
198981 6940993
4370112 7077824
