100 4403
25 125
21 21
45 51
52 53
48 135
11 84
5 20
31 93
86 147
96 148
15 61
17 33
12 83
6 28
32 73
43 137
36 115
64 112
55 82
91 110
97 129
49 120
74 83
46 141
63 142
114 136
43 52
31 90
52 88
105 124
47 50
3 48
105 106
77 79
17 31
32 118
104 123
69 75
59 81
80 86
0 123
35 103
125 148
114 125
75 102
31 121
2 138
34 88
46 50
32 137
9 131
33 133
61 93
119 145
87 89
24 62
37 135
60 137
57 97
13 123
109 118
18 60
4 66
16 30
60 75
124 131
61 74
41 102
95 140
31 60
79 126
28 90
36 71
27 58
73 76
65 111
44 92
31 138
53 116
15 37
58 110
93 137
109 110
13 104
37 147
27 47
56 71
67 79
55 108
114 144
73 79
57 83
108 146
29 79
52 66
32 126
33 97
20 34
30 99
97 133
