200 50536
369 732
595 644
460 500
548 975
270 546
662 766
358 767
719 929
284 354
411 949
169 210
488 679
103 462
180 188
364 487
407 477
234 586
23 775
504 698
79 906
147 784
280 427
607 670
300 768
798 897
102 398
523 606
330 770
452 534
597 739
708 795
131 723
509 600
472 902
224 855
102 659
378 973
32 811
303 322
583 834
926 973
720 777
612 781
160 471
346 767
686 769
233 375
780 959
332 722
454 725
134 642
844 922
84 833
838 916
496 843
482 913
165 975
355 817
588 971
450 896
87 495
387 705
550 666
660 663
611 849
86 293
2 147
11 749
20 214
767 856
81 481
656 846
204 963
56 559
77 542
113 345
212 392
523 878
570 714
165 448
334 504
235 912
393 549
271 873
501 976
285 644
183 548
648 804
424 846
770 969
51 346
66 628
194 460
186 656
135 240
81 981
254 988
90 807
93 457
51 515
710 919
38 397
210 479
20 864
295 856
422 470
69 742
323 762
37 580
155 211
12 21
184 937
345 466
558 874
360 922
513 741
221 797
58 259
23 382
751 887
343 581
607 937
423 638
323 876
398 696
318 558
229 546
48 489
412 437
535 809
62 360
426 884
52 374
67 736
512 918
354 583
119 402
259 632
455 625
343 893
314 317
449 925
542 930
342 425
736 868
253 983
430 645
553 771
402 694
665 940
165 860
346 645
1 269
560 895
348 556
471 478
16 406
3 858
483 681
137 336
232 500
286 336
27 111
592 961
233 767
170 563
688 728
779 883
360 473
252 706
6 454
141 475
99 218
129 438
597 684
106 113
685 784
214 968
651 738
539 571
666 840
69 199
556 778
119 274
163 589
179 910
29 555
157 824
602 926
252 737
599 983
241 307
288 412
51 391
404 890
534 570
286 733
488 683
717 931
466 979
