2000 33892327
15910 83105
8610 67479
90535 92267
18377 62011
54038 70267
18715 98754
9793 95291
27587 61537
22688 95196
78877 99003
31234 55512
5612 49087
43977 97620
28518 71091
493 34924
31651 32451
29382 43575
66618 75824
85950 92410
10308 46635
42796 53610
8830 93280
14479 43369
48281 78132
54283 58857
1572 69425
66991 73873
17070 34591
51757 93547
19814 48446
43850 92928
9299 81844
52415 77451
35266 51822
6308 86227
81376 91371
44918 74585
24585 86498
37889 61192
66040 76605
41975 84355
7287 44365
48044 82171
40623 68349
84192 96242
7566 97130
11975 57801
40501 62743
51794 62313
11364 34816
47037 85776
3021 23449
14053 50076
2386 85712
11369 49085
58021 63236
41814 83788
50280 56719
11687 56531
11678 60039
26086 55328
23503 38519
59904 74343
15066 88919
53412 53679
55234 95887
38671 52952
4644 50953
52407 97461
56885 99496
78222 83933
68134 87823
21326 71261
35139 81172
42312 50111
15063 38113
5022 95106
61635 74367
35867 45113
22329 34791
84958 85472
19981 55218
13577 98268
80452 90891
65833 82721
1269 69130
1108 39383
46469 55813
82768 96488
59848 97961
57669 84103
29915 79201
19879 53935
31827 34264
26402 31836
45395 71486
28073 46160
21632 63243
18148 18297
24754 79392
30744 92072
65972 85026
29367 80734
43607 51575
67301 69960
8058 54951
27361 92179
40194 51813
41542 82346
58835 92367
66144 72210
41521 65601
29551 60183
94346 99151
3700 66430
5712 91108
1180 7512
80052 92423
5026 79839
20103 96084
12723 61197
61337 92431
87911 89645
33117 49155
42980 66659
59961 65110
82859 98238
18157 53162
27390 88945
32368 33556
83962 98745
73304 95183
25832 97753
61921 94882
4765 5199
39131 39163
3199 70731
31524 82665
28247 75660
30952 46640
18234 66566
38033 87196
34714 78087
89581 97133
10809 49274
50731 97051
2664 52851
41335 74964
4555 72654
33302 68518
29288 69476
21687 98479
22943 40150
11562 84359
73026 83202
11976 24867
47399 98454
80645 95487
201 33128
9727 81966
48052 50651
11998 20817
83240 85194
30719 43740
67188 80113
64569 86631
56690 94984
52664 94481
17435 76684
26860 86930
5076 35380
59538 72900
10090 22996
18462 28261
72215 99118
67378 76102
56878 58734
12826 32440
19344 63419
6514 16618
2786 67794
21299 79734
38666 82964
21791 29859
7703 70853
33867 94303
80805 99972
9013 94698
2479 98560
9998 31058
61371 66741
28416 47209
65003 94385
138 94131
36284 83153
37847 40779
88159 89383
70048 85318
41910 85428
9791 57796
4657 99101
14624 81456
8680 8874
6773 74891
1790 19262
25625 44023
84316 99680
36352 92260
57799 63204
5805 63658
86924 96971
8698 37363
22188 37088
1422 24267
15852 30356
23907 69539
12690 68374
40744 45336
45258 60556
22484 83912
96057 98702
38113 68428
11711 40761
92952 93887
6420 27232
6733 73599
16070 24978
14880 78846
593 42416
83087 96824
20431 24066
25211 48344
993 44054
12194 42542
65 7781
24276 31300
11402 60085
34090 91112
14950 53820
14115 61383
91053 94323
6966 81822
63452 94007
16778 96068
33382 52594
1007 39933
25571 52364
29787 74990
17108 55779
40389 63508
73470 92354
58155 75093
7622 95673
53057 72800
26290 62868
13472 30737
22592 68813
70751 73947
48367 70105
49257 58194
4170 97848
19146 77269
92614 98717
6012 13404
66036 67371
1104 20254
38311 88506
35268 73396
22784 65935
48358 69368
17265 64946
34168 80533
16065 30872
14078 18264
29483 62893
10742 51654
22528 54925
13025 58449
15718 92535
10240 10971
57845 80123
9106 74016
13256 14562
5974 32087
22923 97455
29291 48075
21055 90917
7725 57848
19885 78382
56340 58179
51491 71672
17303 29367
16621 58841
777 63960
28833 97357
31691 71632
45475 93514
80185 94213
80994 92034
47322 54370
18817 97619
33875 64019
37653 49439
12068 84594
8518 31677
18415 34833
14519 49176
24447 68400
8564 51716
27871 83489
10673 49734
21668 88068
42166 42866
70446 76108
53842 78651
14592 67435
45349 79785
31322 35829
57056 69555
8578 19136
9299 24748
25834 81483
1175 61412
36966 59469
24348 76291
21775 55912
90619 93319
14898 58708
9055 85526
65862 82891
5378 39262
23631 96467
75232 77915
70427 71037
35009 58329
54971 76157
4162 94601
42359 77191
54901 69967
18303 34798
1750 35801
18442 62649
12132 17926
84698 87697
65405 83153
20940 69716
23395 49127
34714 80884
8147 18373
51941 66050
19259 92203
64777 86264
5681 61583
14926 96622
7731 68578
53006 76856
90798 99550
44410 61642
46974 83095
39782 64970
50689 94064
90227 96976
68679 79593
21048 76732
70570 99264
56290 70632
47398 70753
70501 87658
37111 63150
2013 65131
16544 45627
35220 92322
6905 24483
28125 87753
845 56884
36657 78285
1560 7252
40632 81001
6740 9604
80204 92761
5205 27977
63360 73354
13796 22883
64629 75990
33050 77655
10731 78072
48843 85273
85602 89962
56195 77890
23494 53656
29072 67441
47023 52782
19318 89340
63071 63917
18652 39959
6501 71477
7136 16026
27069 47462
59334 70607
15598 18848
18689 73999
1734 33445
19874 47331
39044 98660
53061 61819
33461 78532
5896 44116
35425 93508
92208 95412
85158 98435
17446 39817
29507 79789
41550 87588
984 33862
52907 95638
17822 85098
55149 94134
18431 47292
14417 63226
28392 82124
432 29983
11033 74579
22346 89694
36164 80404
45432 47514
46956 98961
49714 67261
49798 80601
1063 42083
2563 30796
87622 95324
1893 83344
17318 53007
62135 68479
32811 83156
422 57280
18901 89153
1849 10632
34646 38817
19585 88780
31522 49024
42957 55950
6948 43010
28953 69806
13673 87026
3100 94238
29101 31458
18755 48488
47634 89438
24716 77400
16449 37672
68697 94184
31018 40978
47256 98167
40359 58859
35696 98458
29524 46079
44265 93977
62327 67001
48054 78166
14876 16870
66120 80487
16065 85262
11470 15212
52421 87034
48651 59004
15509 43189
44723 76498
33842 67184
41096 43928
46537 82135
35396 95539
28033 38838
52555 53328
89685 93979
63559 96035
68732 91835
37866 42350
3701 86685
15852 65438
69048 76223
43572 90060
2347 64974
5813 36092
50213 58872
18813 23631
86868 99765
53560 96367
27886 52027
4097 92169
60016 74608
56582 74671
66229 95992
16003 40447
1160 71235
46685 62131
69583 89380
29593 33590
26905 58626
570 1386
51585 59388
88644 90703
34434 92658
77476 94588
7327 31580
21320 56132
4511 60384
3569 49466
22714 33118
57811 66475
6498 95615
88505 92969
86034 90285
85944 93174
68614 98145
71192 73145
21688 83916
12195 23882
12648 70949
30543 67171
96572 98596
33270 52495
28503 88124
11500 65046
26727 70995
4930 20017
48025 61360
73115 78270
16595 51568
44351 53086
33170 34754
56130 83017
62866 84550
35648 41216
27981 59775
52974 74478
11028 39774
31815 90462
31363 98011
90023 96349
44387 98435
17468 87900
20129 80510
20975 32013
65140 68678
58604 82166
31921 79749
1158 55612
33536 54810
10700 55394
8101 45866
33842 39643
8766 18670
11202 29123
22228 81643
76768 85689
36046 85194
86121 96633
18901 56037
12686 45114
33911 95226
58550 71941
69040 74875
74537 89866
16994 39495
33255 91195
13788 16264
44088 54743
43460 43998
28639 41928
12580 55812
49500 81991
1014 70388
31706 77156
5253 27914
41611 55963
39020 93270
65753 82275
71843 92308
64386 92641
31404 60408
42255 53494
17259 43320
53482 60545
36010 44888
3262 96742
60079 82340
44567 49270
63827 92343
63697 87931
11554 85627
14261 55505
5235 70119
31956 84721
16095 27585
65148 69214
18572 52611
17167 91770
79719 88248
51596 71329
59475 82552
45155 46120
36822 65274
66420 91350
64823 73594
29010 74195
67333 87891
23123 23815
43261 56063
21174 66974
18486 69534
37796 55712
96965 99145
50423 67622
77565 93317
28848 71431
95791 97605
21255 22974
54866 55919
29409 33077
46407 79761
30072 72963
10753 20654
10761 74226
18939 21384
60364 66305
27693 32880
37324 94528
54075 85363
1794 18545
68482 91321
11728 77221
45407 72316
35103 60731
40230 71134
43503 80939
22345 69146
29780 99803
34094 84025
62293 98381
4398 73726
21816 83473
86114 95162
14038 84043
84119 98887
70134 79424
28025 67854
615 54223
16328 99001
55451 82036
20518 94400
31463 99186
16240 48284
38767 95211
8920 23161
1414 48486
6468 74525
21671 31285
8225 54598
11933 23217
4222 89397
19854 99737
39830 96140
14027 91827
2995 46495
32157 34135
13121 67347
34277 49387
23271 99652
52789 99601
95083 96937
18928 23794
77032 79123
4097 90235
11167 43503
10393 37640
23950 53797
83826 98879
23320 91722
72250 75062
15053 25303
53928 91798
57412 68664
14842 55172
22427 27690
55151 71866
56160 92997
2013 39078
71690 99714
26920 71781
44232 69537
70086 95541
69846 86460
77585 98812
9517 33722
28563 68147
45045 74007
61583 93820
45713 53452
24265 32439
10717 36726
13239 70757
67113 99488
3867 79914
43818 98655
8326 38227
9974 62457
92420 95089
62445 82103
29240 65779
14058 36636
2203 67198
11524 24367
45549 95846
48393 68661
38301 99042
5644 15970
58026 59563
37320 88359
8874 21267
38276 51588
73311 75828
51412 66719
18852 59909
69939 92904
27380 99667
35231 55740
40240 93478
33505 76713
30956 37368
4712 99100
46097 58797
87375 95827
13362 56771
52758 85399
7550 11835
8337 38494
7206 83568
31168 83056
10693 28665
30903 57772
66479 67746
11261 62730
57284 88779
15744 91247
54116 58652
42124 72321
11632 35924
5921 8214
59309 82073
70498 81718
78634 82293
24242 54104
61195 70827
14677 63964
36638 85246
7956 15217
4785 11877
33042 81868
46079 91518
49525 99164
66848 91076
56522 65127
43728 96927
28276 30179
20242 54438
37295 98906
47005 72474
39386 46057
17949 49125
25836 52618
88649 94319
25658 61378
9631 79546
16510 87201
17451 17656
33460 88913
55903 76298
7643 96639
79438 93943
77823 93639
6732 68176
29783 40579
5277 99496
59899 81294
8250 32352
66557 75851
37495 94439
44078 57911
5110 37199
66575 71668
17977 59536
49905 51155
14677 25732
22899 49894
54384 88670
55368 99361
14323 98509
27695 88812
53857 86281
45364 47053
30103 54524
35250 93141
19363 24075
18037 60523
77548 92876
9077 93109
60245 76959
20950 80555
68655 73203
18229 63452
47685 67506
22741 67489
50316 99408
77683 82565
87805 89878
69440 70753
69138 75411
53056 66454
30245 96154
17355 30081
57925 58251
82389 92535
32516 35105
54074 89649
5567 71439
35998 88720
89093 93075
28862 58640
2904 11429
14489 36873
5883 16656
26209 75710
2963 70454
18131 46375
94382 95191
65764 98644
2039 67730
53056 82541
29842 34568
6490 82603
23863 94668
16276 95156
13482 20544
21833 70883
25820 29654
36513 56092
79793 88727
3903 84147
90840 91111
26765 82176
25847 94747
7562 95499
84070 95122
16771 49808
2246 95594
11880 96798
21105 85807
16424 70285
1084 73292
8669 76778
50741 80406
8326 39752
2257 94716
41075 61140
16933 64433
5661 42313
52953 73368
76793 94587
36225 48314
68758 73787
72771 80738
11099 77518
13146 58968
52017 71759
5485 62255
23114 43879
80788 88569
64710 66721
22357 93687
44961 90071
2148 79417
14237 47187
16926 91991
16510 41813
13732 99398
27358 45223
2219 62579
12749 53848
88179 88805
8072 96783
35190 78209
32920 96860
38451 45719
22849 62307
32412 40611
29972 47360
77025 90202
68168 93622
11830 71971
23213 58883
38958 98729
14667 44392
89742 98709
18163 42990
2788 85136
20145 73640
89584 95339
41630 49454
10687 29882
1302 13775
41546 77016
74072 97276
76708 81027
1531 55628
10249 37437
23503 33925
7892 95791
60667 98849
23112 54641
5944 31199
5737 66301
51460 70284
25086 64695
54860 59569
21029 90238
44007 90412
43627 62821
60667 88949
29472 59858
72472 78717
2572 9794
14401 29182
2147 44947
9736 98947
56038 57063
48281 52285
58470 89240
41397 42067
11444 44809
39728 63844
9194 92714
12401 31751
33537 38786
28919 38932
48355 93077
9515 22008
6165 69423
39859 64448
80963 91250
10468 23221
3848 90964
57618 69143
19600 69538
9728 24100
17054 64998
54261 80913
31556 90146
50415 74295
37235 58575
24591 67744
39182 58669
41660 42232
43264 84369
1342 29192
28127 52665
21444 56655
54942 82065
15718 60851
49561 63515
16810 82456
7536 89374
16270 58189
7007 64333
1679 83189
86698 89798
4802 23139
8350 63646
36186 62569
63812 69565
22545 81113
9229 41727
40255 64743
73733 88241
26650 46766
42680 72745
12202 78833
40525 57357
7454 56535
29898 94987
27470 34974
2367 81674
17955 51460
28905 95623
58856 67842
37947 73177
61044 83912
21308 23954
57233 67396
10670 24601
2348 31891
24265 81021
13020 17256
39869 86866
20757 26427
21122 48775
9340 15850
223 28401
3116 6168
32602 79582
23983 57164
33529 69528
9262 64296
74997 83833
68331 93223
28914 53300
5243 27910
22949 96957
5440 50582
58805 74810
20879 63844
8762 55086
44086 77029
62256 74333
2396 83284
55918 74450
16217 87046
29559 58891
29397 77629
26091 27857
65630 72798
31145 86856
2656 49765
49610 68853
8049 15579
57317 79490
3865 68133
5574 69956
6731 62432
50139 91800
35090 68248
29863 37921
57657 71794
45458 98855
34652 36687
21434 28990
26497 31054
70329 88236
18661 69035
28884 54612
71360 75979
56913 72891
64403 92123
10265 88668
30372 48290
66291 86449
20829 80680
43395 70354
26228 75461
48424 50669
96755 99008
38196 95282
1123 30958
63326 96709
65020 67323
14983 18909
7703 63646
34203 81611
65110 78423
89476 93210
83804 92356
30854 99537
73635 95774
31134 73957
6533 61414
8944 41630
30053 42155
29557 40483
53788 54028
23953 58300
3378 76986
13254 61813
65349 72797
27914 95352
85387 99340
30050 54694
2245 74237
46906 92758
12144 47813
57207 92480
54742 55075
16105 52783
16394 31358
1499 25308
22227 51874
18624 99180
17652 30314
51408 80431
519 45814
21614 34830
9367 22771
38565 58153
6773 71481
17433 58091
37540 54875
7558 75978
80102 93855
50535 77003
4166 35520
28450 86131
63682 72976
24929 64017
48446 73045
38023 66385
8919 10131
4802 70055
19145 68647
8166 49270
5630 7049
50372 85036
3804 54491
35001 71785
6255 42606
44372 86685
3002 92897
29605 46240
13942 33531
11369 42020
53645 92616
54835 65108
43921 63313
17683 82503
27054 83529
14114 33569
83006 96638
14780 60750
38923 82999
7429 66802
42885 83943
14258 52360
7254 17546
17689 95951
16248 18988
56558 62539
10301 80219
73604 99220
10228 35220
74162 83385
13876 64034
76331 94847
16089 48944
27833 33195
181 27497
8292 27629
31705 74573
13412 36736
24572 36294
39702 85023
69951 94713
74071 85468
92079 92129
46545 89534
6695 10717
29014 74653
26774 86163
59115 70155
269 30419
41103 83879
47240 64093
8183 14638
51297 89939
54677 93487
79396 83409
33744 57385
75477 81369
15899 16216
74886 90997
41227 66100
13351 59646
28438 44517
5882 35307
3131 54871
51392 99385
1832 67513
20468 69751
14430 32255
22884 73747
2669 16839
7501 63474
29289 34357
27708 57728
35588 73681
43169 59612
15622 86064
13656 41765
1444 21821
40358 84078
77939 85676
4365 74940
8727 63076
16738 72098
28133 76672
68441 88239
47193 81629
5368 47723
66648 73032
3095 28854
4182 98677
11840 87005
12636 65087
7905 10361
34182 37720
33318 52174
65795 70597
10900 76275
51994 92922
11736 82218
8594 13680
7953 18035
43842 44037
65782 85247
5063 41441
53765 90010
2108 79106
3700 27988
14013 46500
21690 65533
55360 88523
28660 96575
43746 78761
2134 42747
5680 93776
11858 40185
21968 89411
75946 99862
79294 99416
47101 90665
61827 88986
1019 31483
41429 73641
40751 87885
2541 16595
26521 32579
14315 59674
52 81871
23639 72099
47844 77863
24380 49326
29602 68252
27777 81263
58346 88139
32472 41365
20209 35027
72319 98164
41210 72594
16756 25916
57396 66840
43746 87235
24499 66995
92853 99267
18495 72278
31673 54669
31951 57067
54675 99011
49117 75025
45709 96832
41764 67452
24859 77935
46178 94538
91560 98943
29610 82951
62550 91752
1077 64686
60798 96410
20865 37409
42154 71867
15956 24306
38518 98731
3423 66926
46379 80639
5325 89584
23037 99923
69931 84288
1922 78604
49328 95668
15740 90736
85413 92757
22716 80550
24160 33191
27623 67100
8275 75115
10093 61910
44317 82013
47455 67544
14087 22164
6765 78993
76845 85653
23492 79852
38231 56637
61347 99517
52399 55581
35274 39567
34940 95742
22446 67041
34838 75797
23625 61570
58841 90742
7602 43494
39945 92160
13081 54023
34143 77539
94462 99622
13422 18353
48320 58877
26181 75440
42325 59962
34858 52049
38640 81588
76870 99008
26562 94325
2143 46716
47980 58947
17697 32640
57419 67996
18402 86508
13264 76778
23702 50059
71220 87179
3023 60693
21184 50873
34573 88281
15612 55351
41503 41680
24285 83142
73414 99114
25861 56297
74157 75467
36524 95352
65650 95676
7562 17374
40326 95234
83525 87225
782 15539
54649 79310
15928 76753
8275 62496
77358 97777
6013 17264
31029 88535
8744 42045
2173 42902
15229 70059
25932 82931
17504 67819
31590 59046
58498 74211
67801 81297
6768 24829
27662 57970
96775 99268
27320 38652
38019 95012
68211 84119
93284 97469
38834 42939
18367 28641
63485 66862
50089 97900
4501 13004
43251 95717
35218 60132
2142 95353
21351 21943
33076 69304
74687 75890
27415 31767
17689 63068
84921 97481
74334 94189
69 96431
44877 86528
15426 70512
25583 71021
32294 71401
50784 75121
25809 31097
38184 50747
61899 89754
25255 82417
13198 66334
28599 45605
74163 82911
48308 94939
22072 95183
13274 58832
7549 56391
41241 86033
52939 95754
39919 89005
32859 35442
26933 46332
3578 14825
3519 72045
5139 78419
45744 93297
69809 97983
37602 89782
22031 25586
51051 80087
26944 57039
47224 64992
33750 40001
58677 81554
60073 66920
47728 57298
8413 29790
30165 43108
18746 21504
22619 26453
80966 95062
67950 74604
77642 89430
61608 72295
69285 74913
9119 29466
37579 90445
9679 13105
7435 81262
42281 64695
76226 76548
56194 94249
53129 99236
47406 54670
26799 93714
17543 59560
9336 14189
77864 88698
4574 14788
12825 99326
44711 97379
223 45761
2291 81794
18952 66839
12990 96745
7998 27551
27075 30961
3437 56481
87501 90372
63549 78805
6736 83474
16262 59490
38949 43894
8161 17997
37736 77914
8542 11913
27427 59318
41718 85390
35116 52509
13082 92656
64321 84193
16955 79927
6094 30109
6979 42136
1972 20753
68775 99691
11583 31212
77700 79217
19010 72912
8710 81840
69667 82216
49240 63040
28388 41730
15110 79938
45718 56330
40955 88859
22794 97380
12395 71354
38123 59552
39955 62347
4630 53414
47734 87038
55144 94334
36963 86283
8265 34884
20342 74884
2125 5447
56076 74015
45702 69365
21148 56287
22702 36863
92958 99110
7946 62755
52226 92522
15260 26121
12676 13193
6100 99121
43860 69044
25959 52308
13802 65375
23310 61907
28810 82166
27938 90607
38984 88593
42450 87975
42715 48398
73561 87623
59421 62928
50493 72349
8629 69938
42862 48956
9532 97509
32351 66587
5425 45975
48985 68465
20640 93005
78374 97291
2738 25899
32182 95903
74129 86913
42713 69270
38365 90798
47868 48729
11883 75391
32895 51533
41121 89981
1210 75914
29134 97328
30093 93780
39846 98532
35014 41137
8427 77151
10323 68760
806 47501
29085 60765
33796 53727
6929 79211
14765 18908
10278 77361
34568 97492
87426 90870
30742 93045
71675 93940
65165 94232
40072 50491
7860 65793
36998 56700
57692 64773
64896 90229
33327 36145
80268 88042
35585 92728
88350 90170
79429 92912
52606 83900
36958 50584
21166 81210
72252 96535
4784 27877
38087 95116
70346 87278
28989 33855
71094 96011
38943 95993
74650 86290
24422 24806
2131 72105
57079 85990
55687 96999
78082 88835
2748 45024
3984 87724
46977 53545
59632 73087
12618 56224
43925 81421
8151 55730
8764 36799
2508 4343
62713 89221
5964 52870
39065 44545
51335 97254
11683 86451
72540 96464
40392 72464
82872 85289
25082 35152
24780 76060
71483 97069
43325 83860
30239 57111
34074 95077
39671 55065
94083 95220
17263 75602
28319 91185
62172 77483
36169 87868
78472 86988
7507 19831
9913 31874
8585 42653
35688 91310
5171 92514
59959 80364
2497 53043
47668 65676
18776 35723
20134 20844
8713 11119
13464 27785
23202 83459
13311 92945
2183 84926
48554 57420
2016 19660
16460 48677
21422 41141
43331 64465
13614 98753
19517 52764
54892 83452
77270 92631
27464 52819
5045 47617
2358 14691
1197 32691
11152 97150
9910 95883
38988 51234
18143 84824
62974 85350
47933 51280
1584 48295
35181 97278
9403 43919
8150 16490
24181 41604
13612 48417
46629 61418
2113 31063
58940 83290
31858 36674
70772 89718
51015 96569
56359 59166
16759 65319
497 48342
50651 83627
46803 55474
34570 98153
26636 56914
48525 65073
1549 92448
56179 85600
53941 80971
43020 45298
33121 81702
22364 83854
49679 65446
53170 75634
11466 79736
4619 34051
48667 58828
24086 27514
55655 71513
14045 52621
3688 87399
24712 75204
81711 82818
66433 76093
50360 61070
3715 90116
1852 98173
54561 68493
1015 32603
14363 71168
73340 80633
17980 25259
3815 32480
24001 78090
90718 98546
23471 40397
24647 36379
1899 45447
8897 75348
32030 54476
24388 76142
44761 95412
1762 97767
4927 53968
3195 45269
69140 94727
67512 83098
24327 37125
25530 34607
40189 82597
11695 11909
2837 73917
46496 94023
42634 78646
25549 58899
34801 51669
42388 59853
28163 86698
30971 70279
39921 45952
53112 98063
43575 63893
24386 98307
4593 87123
6222 34096
2156 54004
14126 69835
31242 65743
48943 93711
66728 87220
33400 34970
50274 92835
1341 68232
11589 89165
19615 92580
44884 54684
47760 57287
36933 88621
12848 31548
5042 43752
25038 84863
38286 52307
18749 84227
59382 73090
6150 62159
60204 84985
85246 91048
2506 15736
27177 87556
14832 20172
9202 71244
19613 57720
52298 85727
20140 41414
26164 81384
21641 46845
43547 75907
818 78708
76651 81233
582 44400
36630 96196
8046 55313
8521 63204
35410 99425
11079 25694
33635 53930
3938 74506
53601 53759
11605 81517
13469 16716
14517 42179
58936 69213
39532 39996
8421 88343
14984 50568
851 15486
17308 73676
30231 76131
46489 85698
3143 90255
47142 76283
3694 26475
17878 19894
47494 69634
6851 37993
9667 17398
21722 54768
42665 77329
41206 60725
56073 59760
33130 35413
21653 97806
9573 11066
18011 35578
71977 86702
25766 71357
3849 11762
92710 92796
17630 88505
66125 75253
18592 35296
38185 59206
8375 59333
11948 99653
9947 98729
13282 33472
11177 85398
58494 82236
2981 44638
34672 47898
12096 62461
9537 95002
10421 23081
67199 91529
10428 96017
42973 81857
45242 53189
2370 85819
14652 71755
20851 59884
14533 49213
4841 38754
72700 89480
37628 63698
45996 95289
44738 54637
18583 65586
65067 76753
20470 35556
61916 83376
52999 73404
5107 14980
38648 70864
27599 49379
2332 37655
8558 98700
25333 54543
20600 25685
55929 92455
47565 78330
26957 73460
30448 35658
16736 45626
21516 56861
20451 80285
83104 86597
29541 60948
45876 61398
29120 71990
57132 87033
31106 91653
21925 63147
33292 96917
30348 32643
52652 94417
21134 92327
63880 96272
976 26280
68871 98240
20870 66640
2963 7502
48084 68681
45432 58808
9448 27952
75522 95450
15854 44544
47372 82818
7184 29085
47810 90229
16459 67430
10522 63066
91403 98813
33686 81237
29079 48779
45651 77740
43095 54103
2619 70585
16110 50264
2220 15752
19025 47317
75425 78251
915 89690
30197 81449
75322 96089
74568 83899
57134 99149
40129 84501
71200 78642
22635 81118
50375 83005
2995 68995
38265 50313
7876 12827
42048 71023
15231 57221
38281 72259
40893 91977
18728 47917
23518 84931
45469 89259
40759 58853
32780 35837
21599 30765
54075 91855
93660 94305
32950 53088
51834 99226
17464 37446
21060 21573
8197 14514
12594 79869
2338 92995
32912 69016
6171 20072
33463 34155
43469 85477
18439 18878
56936 85171
58424 81908
20796 21198
7879 49872
6264 49117
73383 75627
6390 99326
61026 65926
18444 71298
2847 33460
23794 93191
46866 84511
53139 54489
28309 46295
17145 67799
62440 69808
54660 72458
77757 83192
54384 56050
26350 86692
10257 85114
40160 98490
55486 86610
60138 81960
26451 29326
6489 50771
42265 60583
38718 70727
3466 16950
24765 78255
74707 99391
12341 86011
16463 63889
23396 57594
3724 14245
6570 22400
63167 70552
26583 77834
77595 94113
30514 35186
21348 29144
285 52578
30955 65188
33509 86885
9878 17427
10006 84600
30600 58746
72693 73540
17069 23136
50092 65904
16071 98340
51655 94811
11008 77400
91296 92092
32841 97094
70450 83839
381 50367
22 68006
67579 88914
15363 58477
75244 81025
51897 90239
16363 73867
4259 35501
19872 71996
1312 49766
24158 39322
30813 91901
23573 61678
71207 86637
6654 44318
11907 96399
70290 92022
11412 11513
15366 30811
32756 57004
6418 78723
53992 75943
22488 39576
38596 45937
29563 96384
15981 17096
81 49732
9955 60840
41089 74684
24169 55082
10753 60424
38653 73374
2414 30493
62061 94305
32925 39520
22850 51208
49704 85011
22806 95433
54311 89331
65095 83170
