1000 1127269
1977 4632
452 3379
4975 7171
3964 7891
2701 6100
1715 5445
4347 6785
3456 7562
5355 9668
1954 3892
649 6061
5524 6093
704 2141
2337 8677
1363 6785
134 2944
4048 5873
1972 4835
4047 7965
2335 3638
1906 1952
534 4522
641 9147
17 8216
1969 5905
300 7673
5409 7274
4571 7316
2412 6323
3482 8462
7226 9269
4335 7135
3171 5754
1550 9676
6073 9213
401 3856
3054 4602
2979 7366
5402 8612
2619 7798
3335 6714
4386 7962
8159 9544
3002 4801
6309 8107
3747 7442
6653 9752
76 6939
1687 7071
2531 4211
9184 9508
288 3224
2871 3009
4502 9623
3263 6397
357 3403
1181 4979
232 4932
6513 7941
1950 5203
263 3643
5199 7443
1162 7657
1455 8637
5828 8486
3385 7849
8092 9977
2768 9522
5690 6985
7802 8785
5238 8253
1005 4435
4197 6365
2665 8102
6115 6348
6304 9355
5172 7923
299 7319
1768 6654
4197 9354
2984 8551
4834 9391
1193 6230
3437 3451
1045 8288
2357 6364
2754 4037
9 8173
1636 9901
7147 9389
6763 7587
1422 8065
997 5151
3309 8785
6180 9964
1844 7679
3322 6087
2220 4881
1029 5359
5919 7742
2354 7577
3478 7386
6803 8098
5151 9487
2677 4608
3819 9365
6528 8922
1821 6653
205 2676
3807 6325
2345 5650
4301 6855
4545 5731
4791 7113
6257 6913
4423 4977
4202 9168
5090 6081
341 7476
2414 4371
1728 9089
2739 7954
3033 5366
745 5258
8956 9417
2140 3434
2214 8871
3191 6806
5493 9691
1137 5919
3565 5971
635 5142
1935 4008
1702 9503
160 8271
960 2076
4307 5774
4257 8158
1511 1949
4594 7267
333 763
247 8312
4626 6865
6401 8890
645 3386
3861 5988
3687 4594
2710 5851
3500 8682
2585 6250
395 674
1935 2784
1105 8452
319 383
4602 7997
4089 8827
1668 3520
2951 3702
1944 8015
6781 7682
3932 6770
1300 4728
1353 5386
3031 8660
6904 8551
1010 9105
3087 7715
1423 2420
3893 9718
5066 6651
365 7367
268 8318
1106 8007
1437 8051
1807 4759
4418 4494
2639 6480
4819 6576
5093 6908
5292 9692
1161 8279
6579 8578
4360 7777
5859 9053
2370 8994
4796 7316
1480 3841
5606 6531
3712 7416
375 1175
3396 8871
2926 4696
551 605
6908 7562
3745 7574
841 8888
291 2149
911 1982
8629 9987
961 7281
1259 6420
3991 4543
4568 6523
4686 9270
1893 8370
2283 4982
7072 8200
366 8897
1483 6753
7327 8996
1484 9481
4632 8841
8031 8458
4602 9078
4496 7622
2365 9885
1352 7035
2318 8307
5190 9490
2016 3513
1398 2204
3529 6887
38 1031
420 9890
5151 8258
4416 7946
3878 8067
4169 8397
2665 4763
80 2354
1439 2006
7949 9434
4714 5212
7179 9003
3771 5644
1305 1868
4623 9550
5310 7533
3664 9937
4521 5404
5393 6274
2951 9427
8200 8459
4218 4372
450 452
4149 9189
2807 3137
1089 7545
5924 8227
5678 8690
3199 3339
3358 8923
6772 9318
3307 4793
2806 3051
6548 8696
2811 7314
836 6087
6334 7537
1067 4512
2627 7251
5326 6718
1161 5004
426 4238
3671 8676
3159 6462
549 4929
3940 6513
8076 8550
3182 4508
1922 2540
1021 2792
1894 4951
2691 8467
745 3824
3909 4493
4024 8927
7597 9633
2057 9624
939 9610
5449 7370
5107 8885
3386 4803
7994 8294
6358 6918
1083 4939
4536 7575
4956 9610
7239 8525
494 8664
2452 5772
4694 6120
2243 9411
3801 5078
1006 1411
7260 8440
5799 6512
458 2267
3558 8155
4106 8363
2989 8942
6003 6765
312 8600
4212 9120
531 8935
1565 5112
740 7783
4105 6008
2537 7592
1472 3010
5738 6994
714 7753
1752 5837
1114 1805
3795 7975
1749 2458
5584 5750
5929 9972
3706 7366
2538 7040
997 8957
507 3375
4185 8714
811 8694
5471 7721
2740 5147
1096 5897
4095 6108
2006 2427
2095 8000
6311 6875
7079 9206
6442 9088
3782 7094
6419 6480
1033 2933
4624 6613
2168 4624
630 6285
2649 8298
7328 7336
3367 4477
4859 8973
1896 6689
1942 2638
2997 3490
777 9965
8924 9133
2892 4346
223 3808
2139 6855
184 7609
1722 9609
1689 8464
6520 7154
1539 3258
4422 4530
618 9402
5197 7155
6175 7593
2662 9416
542 2457
1014 9668
1908 3613
6236 7411
1642 8261
5967 8768
2818 8644
8506 9177
6212 9974
1351 8673
1189 3609
7583 8355
6774 9830
495 2961
5127 7721
1922 3676
3953 4969
6576 9564
4293 4932
6997 8398
977 6241
5036 9171
5338 5418
3975 9615
2004 7230
150 8677
2205 8801
2792 5370
6324 8522
4750 9754
2607 8212
263 6635
3681 6232
828 9911
844 9377
1555 4642
2745 3141
3244 5427
8267 8383
4179 6781
632 9400
1558 8458
8493 8669
299 1908
3227 3371
5474 9502
8339 9644
1294 8767
6959 8384
535 8083
1446 9697
2119 7168
4738 8608
693 1226
5815 8899
2296 8772
928 7297
5533 6814
1555 9019
1831 2341
3004 7189
5037 8578
1191 9139
8774 9058
5817 9543
4660 7213
2010 7487
334 8374
2338 4787
1933 3569
2820 7058
5606 9901
8619 9525
4542 9534
438 2985
1010 7104
4870 7762
3646 4719
2584 4956
1609 4342
1172 4183
2687 2958
7542 8706
1417 9025
439 3730
752 6046
244 6259
8411 8526
187 8165
4252 5155
1626 2386
2986 7238
5094 8095
3000 7964
1519 9883
6904 9460
3997 5791
5531 8336
3265 7884
1329 2646
60 310
1298 9755
1009 9699
3246 7231
2875 7907
4939 8867
2908 3946
2613 3692
2390 6697
3587 8957
6524 7729
703 6198
5234 9879
4689 9251
1673 7402
6196 7872
4927 6828
775 6745
2723 7483
2264 5171
281 2973
2215 9267
6085 8937
6487 8337
7191 8744
4720 8639
5449 8181
4529 9313
5768 8164
4634 5738
4058 8070
1622 3733
16 7996
4512 7853
4478 9715
58 8639
2904 6193
3467 9668
3658 8781
1675 6476
1416 6474
1124 2404
2943 6966
1843 6932
3487 5559
4999 6055
2670 8620
4166 6295
3643 8218
3342 7301
1888 5064
6492 8897
1189 1604
5467 9275
1416 7030
4062 9787
550 692
3793 7666
392 9400
2375 8513
237 4388
8189 8430
629 9651
42 3422
3408 4875
2340 8445
1049 1849
1997 7370
964 8341
7345 9478
1327 4215
3720 4611
1533 1878
1864 7008
1835 6766
781 3171
2376 6068
3104 4449
728 5794
1169 9455
1338 7837
4908 8273
2942 8925
5152 7847
7113 7723
1997 9780
3018 4735
4973 5316
988 5663
1671 6065
5486 9610
4008 5175
2370 7651
1859 5680
1075 1182
664 963
3183 7754
1194 1830
1357 2802
5744 9934
7031 8355
1720 9430
2166 9181
3578 8486
4962 5297
5159 9158
6617 7099
3368 5735
65 6517
1517 4679
143 5586
275 7169
831 3790
1118 8625
809 3357
4016 4442
2602 6735
3735 3996
4333 9447
8674 9484
1283 2404
6477 8470
7639 8230
1948 7036
3268 9837
513 1578
209 7002
73 6517
2705 5949
4527 7833
3957 8295
3300 6995
2305 8656
5124 9364
1354 2439
453 4494
379 1958
1048 6269
562 810
1978 2227
1015 4855
8193 8631
5810 5908
351 4304
5 5302
3448 6626
7625 9582
353 5528
1393 1720
1768 1869
6299 9830
5974 7222
1920 5804
5166 9737
6395 9335
7222 8311
1462 7744
1120 2505
7096 7589
3245 5166
1119 5884
1809 8694
3621 9760
7993 8603
2966 6103
271 1565
3324 6048
2313 5964
798 4837
4858 7638
96 4044
3027 5441
3234 6166
4834 7947
1973 3047
4425 5254
6832 7933
8543 9425
3797 9104
4695 9366
416 7883
2565 5694
6462 7959
5352 9178
3537 8004
5195 5413
3493 6963
8803 9688
2522 9827
127 8643
2953 8309
5755 6489
174 5604
1602 5078
8705 9949
6302 6711
2570 8260
7773 8080
3936 4113
5524 5585
946 9307
1545 8718
9499 9640
2367 6394
8604 9579
2708 9047
294 4246
6245 7538
5370 5400
4837 9117
1937 9341
229 7073
2020 5603
3167 7570
2416 7921
3939 6715
901 7699
2294 4001
7201 8716
3484 5518
8270 9068
7923 9387
2109 5105
882 6688
620 6757
2327 5247
1051 8616
4891 4958
3966 5771
5173 5324
2864 7871
6162 7176
3122 9701
4483 6254
6660 7412
6056 7441
3110 8539
409 912
71 3546
3452 6165
3987 8402
2167 7158
360 4615
643 9329
6455 7228
1392 7917
1963 2256
3521 6365
6628 7363
2461 7384
4687 6057
904 9852
5854 8633
1836 8496
4178 4917
4746 6635
6204 9155
4169 9180
3051 8769
686 5048
735 4825
4497 8781
3445 5173
3106 3939
2594 7107
8224 8667
1216 5055
573 3239
1426 4361
9174 9872
1324 3221
1443 2737
3669 9445
3876 5278
5190 8359
3087 3271
4092 8691
2637 9103
2102 9284
262 2757
7840 9307
934 8792
4897 7009
3 9082
3429 5588
4605 9353
1185 6735
1059 8608
2876 9614
946 1632
464 3075
2863 8672
922 8485
249 6572
1419 7207
1236 2384
5238 8131
5483 7894
6884 7367
7551 7580
2533 9585
6804 6981
2983 8871
2924 5205
4170 9584
2701 4300
8504 8983
4975 5368
440 3456
880 5396
7737 8624
1701 7057
4335 9058
3447 6593
878 7968
818 5339
847 1417
735 3590
4242 8436
3374 7062
7383 8426
4934 7369
4364 7462
1356 4514
1532 5183
21 7841
2150 2981
4525 8120
5988 8363
3462 7669
3174 8184
2082 5328
3837 7193
1765 2527
2436 9199
2973 3923
3706 3908
65 3852
551 565
126 5315
2740 8931
6800 8922
1855 8374
5220 9369
158 5556
7383 9448
1628 7025
8013 8974
8158 9232
2505 9798
7992 9801
5185 5731
1466 2393
530 3787
4671 5967
2646 9080
1203 5007
666 2857
2315 9557
2481 2646
4714 9835
1843 7695
3595 7017
1373 2698
4065 9828
534 4462
7911 8136
3245 9922
2887 3460
2515 4490
5868 5873
3895 9233
4038 9622
8631 9527
2505 9735
1353 6398
6213 7456
7110 9413
1613 9553
7706 9594
1037 5724
7049 9946
889 7123
6109 6561
107 8524
1310 1825
4565 7039
7716 9253
1112 8746
3949 6882
1877 3616
81 3474
12 4702
5932 6384
6088 8319
646 8163
5174 6008
8315 9347
3798 9106
8319 9689
2013 6817
1616 3844
1454 6392
863 4745
5367 9545
8145 8967
6210 6932
1241 4000
2799 7322
7724 7836
4988 6335
3550 8269
6876 9220
147 5548
6426 9087
1154 6461
1208 4550
1979 2331
1270 6252
1528 9312
4084 8051
5787 6186
633 9393
669 6653
1137 6873
9615 9727
2779 4467
4946 5273
2961 3049
1812 4328
5961 6976
209 8619
4043 8525
3871 7777
4771 5739
113 3902
5021 7540
3102 6434
4045 7350
5158 6602
397 4452
8375 9185
1242 2369
3252 8991
1002 7354
3403 6928
2660 9196
1382 7195
102 7859
5064 9612
2240 5100
533 7857
6723 9637
6019 6085
5651 8684
5003 7528
1605 6234
3392 5877
4372 7990
354 3171
2370 8254
4378 5604
1598 4519
954 6789
8231 9528
3947 6746
4399 9626
179 2445
4672 8908
6863 9489
7267 8762
246 2515
7261 9666
5177 8045
321 5906
5306 9836
2822 9034
8511 9799
221 1072
3880 5276
7561 9613
7821 8402
261 2961
642 1100
3884 9908
7389 9820
6377 9974
1088 7599
5576 8813
1948 5881
2196 5947
3434 9967
4899 8614
857 4195
2234 7312
109 4117
2942 5088
5625 6320
622 4639
534 9995
5355 8212
7182 7322
417 4326
1096 6554
2549 3921
2083 8807
1363 1679
1358 6400
6685 7411
1137 5892
910 8335
1909 8556
5199 9675
1106 2794
635 7314
71 549
6056 7914
5014 9823
4734 9846
92 9922
4225 5004
148 306
1192 3862
8355 9177
1331 3464
309 9096
9566 9722
4566 5960
7085 7440
3465 6147
257 9973
5062 8863
2058 8843
788 3474
4317 6139
3279 9721
1959 7307
104 6793
7999 8840
